{"0":{"unique_id":"7e17a0c3-7cbd-473d-804b-0751990995dd","ros_timestamp":"1696511906.8601284","T_map_cam":"[[-0.98919863,-0.00000030,0.14658127,-0.98620575],[-0.14658127,0.00000023,-0.98919863,0.60009601],[0.00000027,-1.00000000,-0.00000027,1.50499670],[0.00000000,0.00000000,0.00000000,1.00000000]]","center_3d":"[1.17890739,0.28270665,1.41457689]","nearest_3d":"[1.19196618,0.66095436,1.45605028]","type":"wall-right"},"1":{"unique_id":"fc0ce935-7618-4981-a8ff-6ad578ab4de8","ros_timestamp":"1696511906.8601284","T_map_cam":"[[-0.98919863,-0.00000030,0.14658127,-0.98620575],[-0.14658127,0.00000023,-0.98919863,0.60009601],[0.00000027,-1.00000000,-0.00000027,1.50499670],[0.00000000,0.00000000,0.00000000,1.00000000]]","center_3d":"[0.62511909,-2.92637253,1.50843096]","nearest_3d":"[0.18906164,-2.92636490,1.45537770]","type":"wall-back"},"2":{"unique_id":"3bc98579-3fc8-4cb5-bade-40abb9f2f09d","ros_timestamp":"1696511906.8601284","T_map_cam":"[[-0.98919863,-0.00000030,0.14658127,-0.98620575],[-0.14658127,0.00000023,-0.98919863,0.60009601],[0.00000027,-1.00000000,-0.00000027,1.50499670],[0.00000000,0.00000000,0.00000000,1.00000000]]","center_3d":"[-0.08121192,2.92661190,1.35086131]","nearest_3d":"[-1.01286864,2.89999390,1.45557249]","type":"wall-front"},"3":{"unique_id":"158f725a-3373-4249-9010-383a9003b562","ros_timestamp":"1696511906.8601284","T_map_cam":"[[-0.98919863,-0.00000030,0.14658127,-0.98620575],[-0.14658127,0.00000023,-0.98919863,0.60009601],[0.00000027,-1.00000000,-0.00000027,1.50499670],[0.00000000,0.00000000,0.00000000,1.00000000]]","center_3d":"[-1.31275260,-0.39686045,1.44325101]","nearest_3d":"[-1.31956315,0.63991052,1.45519376]","type":"wall-left"},"4":{"unique_id":"fe89b210-dcbc-44c4-a137-590312f43743","ros_timestamp":"1696511906.8601284","T_map_cam":"[[-0.98919863,-0.00000030,0.14658127,-0.98620575],[-0.14658127,0.00000023,-0.98919863,0.60009601],[0.00000027,-1.00000000,-0.00000027,1.50499670],[0.00000000,0.00000000,0.00000000,1.00000000]]","center_3d":"[0.00304624,0.73114747,0.70368868]","nearest_3d":"[-0.15403453,0.72999775,0.75222683]","type":"obstacle"}}