{"0":{"unique_id":"7e17a0c3-7cbd-473d-804b-0751990995dd","ros_timestamp":"1696511910.9649374","T_map_cam":"[[-0.99846720,-0.00000028,0.05534658,-0.96426700],[-0.05534658,0.00000025,-0.99846720,0.25567096],[0.00000027,-1.00000000,-0.00000027,1.50499714],[0.00000000,0.00000000,0.00000000,1.00000000]]","center_3d":"[1.17380583,0.18804346,1.41724360]","nearest_3d":"[1.13762569,-0.07850915,1.45569158]","type":"wall-right"},"1":{"unique_id":"fc0ce935-7618-4981-a8ff-6ad578ab4de8","ros_timestamp":"1696511910.9649374","T_map_cam":"[[-0.99846720,-0.00000028,0.05534658,-0.96426700],[-0.05534658,0.00000025,-0.99846720,0.25567096],[0.00000027,-1.00000000,-0.00000027,1.50499714],[0.00000000,0.00000000,0.00000000,1.00000000]]","center_3d":"[0.62511909,-2.92637253,1.50843096]","nearest_3d":"[0.18906164,-2.92636490,1.45537770]","type":"wall-back"},"2":{"unique_id":"3bc98579-3fc8-4cb5-bade-40abb9f2f09d","ros_timestamp":"1696511910.9649374","T_map_cam":"[[-0.99846720,-0.00000028,0.05534658,-0.96426700],[-0.05534658,0.00000025,-0.99846720,0.25567096],[0.00000027,-1.00000000,-0.00000027,1.50499714],[0.00000000,0.00000000,0.00000000,1.00000000]]","center_3d":"[-0.07921490,2.92666149,1.35180914]","nearest_3d":"[-1.01286864,2.89999390,1.45557249]","type":"wall-front"},"3":{"unique_id":"158f725a-3373-4249-9010-383a9003b562","ros_timestamp":"1696511910.9649374","T_map_cam":"[[-0.99846720,-0.00000028,0.05534658,-0.96426700],[-0.05534658,0.00000025,-0.99846720,0.25567096],[0.00000027,-1.00000000,-0.00000027,1.50499714],[0.00000000,0.00000000,0.00000000,1.00000000]]","center_3d":"[-1.31306064,-0.42617065,1.47710919]","nearest_3d":"[-1.29465222,0.24228048,1.45537543]","type":"wall-left"},"4":{"unique_id":"fe89b210-dcbc-44c4-a137-590312f43743","ros_timestamp":"1696511910.9649374","T_map_cam":"[[-0.99846720,-0.00000028,0.05534658,-0.96426700],[-0.05534658,0.00000025,-0.99846720,0.25567096],[0.00000027,-1.00000000,-0.00000027,1.50499714],[0.00000000,0.00000000,0.00000000,1.00000000]]","center_3d":"[0.00304624,0.73114747,0.70368868]","nearest_3d":"[-0.15403453,0.72999775,0.75222683]","type":"obstacle"}}