{"0":{"unique_id":"7e17a0c3-7cbd-473d-804b-0751990995dd","ros_timestamp":"1696511911.2495885","T_map_cam":"[[-0.99859375,-0.00000028,0.05301434,-0.96376992],[-0.05301434,0.00000025,-0.99859375,0.24067591],[0.00000027,-1.00000000,-0.00000027,1.50499717],[0.00000000,0.00000000,0.00000000,1.00000000]]","center_3d":"[1.17365479,0.28262201,1.41457069]","nearest_3d":"[1.13762569,-0.07850915,1.45569158]","type":"wall-right"},"1":{"unique_id":"fc0ce935-7618-4981-a8ff-6ad578ab4de8","ros_timestamp":"1696511911.2495885","T_map_cam":"[[-0.99859375,-0.00000028,0.05301434,-0.96376992],[-0.05301434,0.00000025,-0.99859375,0.24067591],[0.00000027,-1.00000000,-0.00000027,1.50499717],[0.00000000,0.00000000,0.00000000,1.00000000]]","center_3d":"[0.62511909,-2.92637253,1.50843096]","nearest_3d":"[0.18906164,-2.92636490,1.45537770]","type":"wall-back"},"2":{"unique_id":"3bc98579-3fc8-4cb5-bade-40abb9f2f09d","ros_timestamp":"1696511911.2495885","T_map_cam":"[[-0.99859375,-0.00000028,0.05301434,-0.96376992],[-0.05301434,0.00000025,-0.99859375,0.24067591],[0.00000027,-1.00000000,-0.00000027,1.50499717],[0.00000000,0.00000000,0.00000000,1.00000000]]","center_3d":"[-0.08121192,2.92661190,1.35086131]","nearest_3d":"[-1.01286864,2.89999390,1.45557249]","type":"wall-front"},"3":{"unique_id":"158f725a-3373-4249-9010-383a9003b562","ros_timestamp":"1696511911.2495885","T_map_cam":"[[-0.99859375,-0.00000028,0.05301434,-0.96376992],[-0.05301434,0.00000025,-0.99859375,0.24067591],[0.00000027,-1.00000000,-0.00000027,1.50499717],[0.00000000,0.00000000,0.00000000,1.00000000]]","center_3d":"[-1.31307864,-0.51383746,1.44151366]","nearest_3d":"[-1.29465222,0.24228048,1.45537543]","type":"wall-left"},"4":{"unique_id":"fe89b210-dcbc-44c4-a137-590312f43743","ros_timestamp":"1696511911.2495885","T_map_cam":"[[-0.99859375,-0.00000028,0.05301434,-0.96376992],[-0.05301434,0.00000025,-0.99859375,0.24067591],[0.00000027,-1.00000000,-0.00000027,1.50499717],[0.00000000,0.00000000,0.00000000,1.00000000]]","center_3d":"[0.00304624,0.73114747,0.70368868]","nearest_3d":"[-0.15403453,0.72999775,0.75222683]","type":"obstacle"}}