{"0":{"unique_id":"7e17a0c3-7cbd-473d-804b-0751990995dd","ros_timestamp":"1696511916.849456","T_map_cam":"[[-0.99933202,-0.00000026,-0.03654463,-0.97336412],[0.03654463,0.00000028,-0.99933202,-0.20926739],[0.00000027,-1.00000000,-0.00000027,1.50499820],[0.00000000,0.00000000,0.00000000,1.00000000]]","center_3d":"[1.17861378,0.46838069,1.40936768]","nearest_3d":"[1.13762569,-0.07850915,1.45569158]","type":"wall-right"},"1":{"unique_id":"fc0ce935-7618-4981-a8ff-6ad578ab4de8","ros_timestamp":"1696511916.849456","T_map_cam":"[[-0.99933202,-0.00000026,-0.03654463,-0.97336412],[0.03654463,0.00000028,-0.99933202,-0.20926739],[0.00000027,-1.00000000,-0.00000027,1.50499820],[0.00000000,0.00000000,0.00000000,1.00000000]]","center_3d":"[-0.06038442,-2.93456626,1.33518755]","nearest_3d":"[-0.91972291,-2.93510675,1.45557761]","type":"wall-back"},"2":{"unique_id":"3bc98579-3fc8-4cb5-bade-40abb9f2f09d","ros_timestamp":"1696511916.849456","T_map_cam":"[[-0.99933202,-0.00000026,-0.03654463,-0.97336412],[0.03654463,0.00000028,-0.99933202,-0.20926739],[0.00000027,-1.00000000,-0.00000027,1.50499820],[0.00000000,0.00000000,0.00000000,1.00000000]]","center_3d":"[-0.07519157,2.92663169,1.34651577]","nearest_3d":"[-1.01286864,2.89999390,1.45557249]","type":"wall-front"},"3":{"unique_id":"158f725a-3373-4249-9010-383a9003b562","ros_timestamp":"1696511916.849456","T_map_cam":"[[-0.99933202,-0.00000026,-0.03654463,-0.97336412],[0.03654463,0.00000028,-0.99933202,-0.20926739],[0.00000027,-1.00000000,-0.00000027,1.50499820],[0.00000000,0.00000000,0.00000000,1.00000000]]","center_3d":"[-1.31855357,-0.46022838,1.47079802]","nearest_3d":"[-1.29532814,-0.16242670,1.45546937]","type":"wall-left"},"4":{"unique_id":"fe89b210-dcbc-44c4-a137-590312f43743","ros_timestamp":"1696511916.849456","T_map_cam":"[[-0.99933202,-0.00000026,-0.03654463,-0.97336412],[0.03654463,0.00000028,-0.99933202,-0.20926739],[0.00000027,-1.00000000,-0.00000027,1.50499820],[0.00000000,0.00000000,0.00000000,1.00000000]]","center_3d":"[0.00304624,0.73114747,0.70368868]","nearest_3d":"[-0.15403453,0.72999775,0.75222683]","type":"obstacle"}}