{"0":{"unique_id":"7e17a0c3-7cbd-473d-804b-0751990995dd","ros_timestamp":"1696511916.9628685","T_map_cam":"[[-0.99933202,-0.00000026,-0.03654463,-0.97336412],[0.03654463,0.00000028,-0.99933202,-0.20926739],[0.00000027,-1.00000000,-0.00000027,1.50499820],[0.00000000,0.00000000,0.00000000,1.00000000]]","center_3d":"[1.31649160,0.10812212,1.42411304]","nearest_3d":"[1.28785729,-0.16586401,1.45585775]","type":"wall-right"},"1":{"unique_id":"fc0ce935-7618-4981-a8ff-6ad578ab4de8","ros_timestamp":"1696511916.9628685","T_map_cam":"[[-0.99933202,-0.00000026,-0.03654463,-0.97336412],[0.03654463,0.00000028,-0.99933202,-0.20926739],[0.00000027,-1.00000000,-0.00000027,1.50499820],[0.00000000,0.00000000,0.00000000,1.00000000]]","center_3d":"[-0.06039532,-2.93041277,1.33527279]","nearest_3d":"[-0.91864979,-2.93004704,1.45568597]","type":"wall-back"},"2":{"unique_id":"3bc98579-3fc8-4cb5-bade-40abb9f2f09d","ros_timestamp":"1696511916.9628685","T_map_cam":"[[-0.99933202,-0.00000026,-0.03654463,-0.97336412],[0.03654463,0.00000028,-0.99933202,-0.20926739],[0.00000027,-1.00000000,-0.00000027,1.50499820],[0.00000000,0.00000000,0.00000000,1.00000000]]","center_3d":"[-0.07720228,2.92662406,1.34779525]","nearest_3d":"[-1.01286864,2.89999390,1.45557249]","type":"wall-front"},"3":{"unique_id":"158f725a-3373-4249-9010-383a9003b562","ros_timestamp":"1696511916.9628685","T_map_cam":"[[-0.99933202,-0.00000026,-0.03654463,-0.97336412],[0.03654463,0.00000028,-0.99933202,-0.20926739],[0.00000027,-1.00000000,-0.00000027,1.50499820],[0.00000000,0.00000000,0.00000000,1.00000000]]","center_3d":"[-1.31699944,-0.48769036,1.45941985]","nearest_3d":"[-1.29389739,-0.25762382,1.45552254]","type":"wall-left"},"4":{"unique_id":"fe89b210-dcbc-44c4-a137-590312f43743","ros_timestamp":"1696511916.9628685","T_map_cam":"[[-0.99933202,-0.00000026,-0.03654463,-0.97336412],[0.03654463,0.00000028,-0.99933202,-0.20926739],[0.00000027,-1.00000000,-0.00000027,1.50499820],[0.00000000,0.00000000,0.00000000,1.00000000]]","center_3d":"[0.00304624,0.73114747,0.70368868]","nearest_3d":"[-0.15403453,0.72999775,0.75222683]","type":"obstacle"}}