{"0":{"unique_id":"7e17a0c3-7cbd-473d-804b-0751990995dd","ros_timestamp":"1696511917.1727962","T_map_cam":"[[-0.99923995,-0.00000026,-0.03898109,-0.97426029],[0.03898109,0.00000028,-0.99923995,-0.22424422],[0.00000027,-1.00000000,-0.00000027,1.50499824],[0.00000000,0.00000000,0.00000000,1.00000000]]","center_3d":"[1.31649160,0.10812212,1.42411304]","nearest_3d":"[1.28785729,-0.16586401,1.45585775]","type":"wall-right"},"1":{"unique_id":"fc0ce935-7618-4981-a8ff-6ad578ab4de8","ros_timestamp":"1696511917.1727962","T_map_cam":"[[-0.99923995,-0.00000026,-0.03898109,-0.97426029],[0.03898109,0.00000028,-0.99923995,-0.22424422],[0.00000027,-1.00000000,-0.00000027,1.50499824],[0.00000000,0.00000000,0.00000000,1.00000000]]","center_3d":"[-0.06407829,-2.92975616,1.33539999]","nearest_3d":"[-1.02007306,-2.92938471,1.45586240]","type":"wall-back"},"2":{"unique_id":"3bc98579-3fc8-4cb5-bade-40abb9f2f09d","ros_timestamp":"1696511917.1727962","T_map_cam":"[[-0.99923995,-0.00000026,-0.03898109,-0.97426029],[0.03898109,0.00000028,-0.99923995,-0.22424422],[0.00000027,-1.00000000,-0.00000027,1.50499824],[0.00000000,0.00000000,0.00000000,1.00000000]]","center_3d":"[-0.07921619,2.92662096,1.34670591]","nearest_3d":"[-1.01286864,2.89999390,1.45557249]","type":"wall-front"},"3":{"unique_id":"158f725a-3373-4249-9010-383a9003b562","ros_timestamp":"1696511917.1727962","T_map_cam":"[[-0.99923995,-0.00000026,-0.03898109,-0.97426029],[0.03898109,0.00000028,-0.99923995,-0.22424422],[0.00000027,-1.00000000,-0.00000027,1.50499824],[0.00000000,0.00000000,0.00000000,1.00000000]]","center_3d":"[-1.31638026,-0.50371033,1.46438956]","nearest_3d":"[-1.29389739,-0.25762382,1.45552254]","type":"wall-left"},"4":{"unique_id":"fe89b210-dcbc-44c4-a137-590312f43743","ros_timestamp":"1696511917.1727962","T_map_cam":"[[-0.99923995,-0.00000026,-0.03898109,-0.97426029],[0.03898109,0.00000028,-0.99923995,-0.22424422],[0.00000027,-1.00000000,-0.00000027,1.50499824],[0.00000000,0.00000000,0.00000000,1.00000000]]","center_3d":"[0.00304624,0.73114747,0.70368868]","nearest_3d":"[-0.15403453,0.72999775,0.75222683]","type":"obstacle"}}