{"0":{"unique_id":"7e17a0c3-7cbd-473d-804b-0751990995dd","ros_timestamp":"1696511918.7495708","T_map_cam":"[[-0.99845866,-0.00000025,-0.05550056,-0.98234115],[0.05550056,0.00000028,-0.99845866,-0.34399436],[0.00000027,-1.00000000,-0.00000027,1.50499858],[0.00000000,0.00000000,0.00000000,1.00000000]]","center_3d":"[1.31649160,0.10812212,1.42411304]","nearest_3d":"[1.28759146,-0.33861154,1.45577037]","type":"wall-right"},"1":{"unique_id":"fc0ce935-7618-4981-a8ff-6ad578ab4de8","ros_timestamp":"1696511918.7495708","T_map_cam":"[[-0.99845866,-0.00000025,-0.05550056,-0.98234115],[0.05550056,0.00000028,-0.99845866,-0.34399436],[0.00000027,-1.00000000,-0.00000027,1.50499858],[0.00000000,0.00000000,0.00000000,1.00000000]]","center_3d":"[-0.05050969,-2.92968059,1.33520782]","nearest_3d":"[-0.97329009,-2.92927694,1.45574069]","type":"wall-back"},"2":{"unique_id":"3bc98579-3fc8-4cb5-bade-40abb9f2f09d","ros_timestamp":"1696511918.7495708","T_map_cam":"[[-0.99845866,-0.00000025,-0.05550056,-0.98234115],[0.05550056,0.00000028,-0.99845866,-0.34399436],[0.00000027,-1.00000000,-0.00000027,1.50499858],[0.00000000,0.00000000,0.00000000,1.00000000]]","center_3d":"[-0.07720228,2.92662406,1.34779525]","nearest_3d":"[-1.01286864,2.89999390,1.45557249]","type":"wall-front"},"3":{"unique_id":"158f725a-3373-4249-9010-383a9003b562","ros_timestamp":"1696511918.7495708","T_map_cam":"[[-0.99845866,-0.00000025,-0.05550056,-0.98234115],[0.05550056,0.00000028,-0.99845866,-0.34399436],[0.00000027,-1.00000000,-0.00000027,1.50499858],[0.00000000,0.00000000,0.00000000,1.00000000]]","center_3d":"[-1.31622362,-0.53359544,1.46268272]","nearest_3d":"[-1.29091573,-0.36805436,1.45546436]","type":"wall-left"},"4":{"unique_id":"fe89b210-dcbc-44c4-a137-590312f43743","ros_timestamp":"1696511918.7495708","T_map_cam":"[[-0.99845866,-0.00000025,-0.05550056,-0.98234115],[0.05550056,0.00000028,-0.99845866,-0.34399436],[0.00000027,-1.00000000,-0.00000027,1.50499858],[0.00000000,0.00000000,0.00000000,1.00000000]]","center_3d":"[0.00304624,0.73114747,0.70368868]","nearest_3d":"[-0.15403453,0.72999775,0.75222683]","type":"obstacle"}}