{"0":{"unique_id":"7e17a0c3-7cbd-473d-804b-0751990995dd","ros_timestamp":"1696511919.9492524","T_map_cam":"[[-0.99845860,-0.00000025,-0.05550164,-0.98816896],[0.05550164,0.00000028,-0.99845860,-0.44883250],[0.00000027,-1.00000000,-0.00000027,1.50499889],[0.00000000,0.00000000,0.00000000,1.00000000]]","center_3d":"[1.31649160,0.10812212,1.42411304]","nearest_3d":"[1.28320098,-0.55139512,1.45560551]","type":"wall-right"},"1":{"unique_id":"fc0ce935-7618-4981-a8ff-6ad578ab4de8","ros_timestamp":"1696511919.9492524","T_map_cam":"[[-0.99845860,-0.00000025,-0.05550164,-0.98816896],[0.05550164,0.00000028,-0.99845860,-0.44883250],[0.00000027,-1.00000000,-0.00000027,1.50499889],[0.00000000,0.00000000,0.00000000,1.00000000]]","center_3d":"[-0.05170256,-2.93315721,1.33586216]","nearest_3d":"[-0.96315551,-2.93594265,1.45536649]","type":"wall-back"},"2":{"unique_id":"3bc98579-3fc8-4cb5-bade-40abb9f2f09d","ros_timestamp":"1696511919.9492524","T_map_cam":"[[-0.99845860,-0.00000025,-0.05550164,-0.98816896],[0.05550164,0.00000028,-0.99845860,-0.44883250],[0.00000027,-1.00000000,-0.00000027,1.50499889],[0.00000000,0.00000000,0.00000000,1.00000000]]","center_3d":"[-0.07921619,2.92662096,1.34670591]","nearest_3d":"[-1.01286864,2.89999390,1.45557249]","type":"wall-front"},"3":{"unique_id":"158f725a-3373-4249-9010-383a9003b562","ros_timestamp":"1696511919.9492524","T_map_cam":"[[-0.99845860,-0.00000025,-0.05550164,-0.98816896],[0.05550164,0.00000028,-0.99845860,-0.44883250],[0.00000027,-1.00000000,-0.00000027,1.50499889],[0.00000000,0.00000000,0.00000000,1.00000000]]","center_3d":"[-1.31594801,-0.54295814,1.46336532]","nearest_3d":"[-1.28657520,-0.44311872,1.45554781]","type":"wall-left"},"4":{"unique_id":"fe89b210-dcbc-44c4-a137-590312f43743","ros_timestamp":"1696511919.9492524","T_map_cam":"[[-0.99845860,-0.00000025,-0.05550164,-0.98816896],[0.05550164,0.00000028,-0.99845860,-0.44883250],[0.00000027,-1.00000000,-0.00000027,1.50499889],[0.00000000,0.00000000,0.00000000,1.00000000]]","center_3d":"[0.00304624,0.73114747,0.70368868]","nearest_3d":"[-0.19412734,0.69971001,0.66796237]","type":"obstacle"}}