{"0":{"unique_id":"7e17a0c3-7cbd-473d-804b-0751990995dd","ros_timestamp":"1696511923.3774498","T_map_cam":"[[-0.99845860,-0.00000025,-0.05550164,-1.00232187],[0.05550164,0.00000028,-0.99845860,-0.70343945],[0.00000027,-1.00000000,-0.00000027,1.50499963],[0.00000000,0.00000000,0.00000000,1.00000000]]","center_3d":"[1.31649160,0.10812212,1.42411304]","nearest_3d":"[1.28320098,-0.55139512,1.45560551]","type":"wall-right"},"1":{"unique_id":"fc0ce935-7618-4981-a8ff-6ad578ab4de8","ros_timestamp":"1696511923.3774498","T_map_cam":"[[-0.99845860,-0.00000025,-0.05550164,-1.00232187],[0.05550164,0.00000028,-0.99845860,-0.70343945],[0.00000027,-1.00000000,-0.00000027,1.50499963],[0.00000000,0.00000000,0.00000000,1.00000000]]","center_3d":"[-0.05374951,-2.92923832,1.33720648]","nearest_3d":"[-0.97556901,-2.92742777,1.45625377]","type":"wall-back"},"2":{"unique_id":"3bc98579-3fc8-4cb5-bade-40abb9f2f09d","ros_timestamp":"1696511923.3774498","T_map_cam":"[[-0.99845860,-0.00000025,-0.05550164,-1.00232187],[0.05550164,0.00000028,-0.99845860,-0.70343945],[0.00000027,-1.00000000,-0.00000027,1.50499963],[0.00000000,0.00000000,0.00000000,1.00000000]]","center_3d":"[-0.08321242,2.92660880,1.34977043]","nearest_3d":"[-1.14323294,2.89678264,1.45568883]","type":"wall-front"},"3":{"unique_id":"158f725a-3373-4249-9010-383a9003b562","ros_timestamp":"1696511923.3774498","T_map_cam":"[[-0.99845860,-0.00000025,-0.05550164,-1.00232187],[0.05550164,0.00000028,-0.99845860,-0.70343945],[0.00000027,-1.00000000,-0.00000027,1.50499963],[0.00000000,0.00000000,0.00000000,1.00000000]]","center_3d":"[-1.31497574,-0.56704867,1.45685637]","nearest_3d":"[-1.28782499,-0.65021265,1.45558465]","type":"wall-left"},"4":{"unique_id":"fe89b210-dcbc-44c4-a137-590312f43743","ros_timestamp":"1696511923.3774498","T_map_cam":"[[-0.99845860,-0.00000025,-0.05550164,-1.00232187],[0.05550164,0.00000028,-0.99845860,-0.70343945],[0.00000027,-1.00000000,-0.00000027,1.50499963],[0.00000000,0.00000000,0.00000000,1.00000000]]","center_3d":"[0.00304624,0.73114747,0.70368868]","nearest_3d":"[-0.19412734,0.69971001,0.66796237]","type":"obstacle"}}