{"0":{"unique_id":"7e17a0c3-7cbd-473d-804b-0751990995dd","ros_timestamp":"1696511923.5500243","T_map_cam":"[[-0.99845860,-0.00000025,-0.05550164,-1.00315439],[0.05550164,0.00000028,-0.99845860,-0.71841632],[0.00000027,-1.00000000,-0.00000027,1.50499968],[0.00000000,0.00000000,0.00000000,1.00000000]]","center_3d":"[1.31649160,0.10812212,1.42411304]","nearest_3d":"[1.28722632,-0.64114296,1.45566237]","type":"wall-right"},"1":{"unique_id":"fc0ce935-7618-4981-a8ff-6ad578ab4de8","ros_timestamp":"1696511923.5500243","T_map_cam":"[[-0.99845860,-0.00000025,-0.05550164,-1.00315439],[0.05550164,0.00000028,-0.99845860,-0.71841632],[0.00000027,-1.00000000,-0.00000027,1.50499968],[0.00000000,0.00000000,0.00000000,1.00000000]]","center_3d":"[-0.05178406,-2.93063593,1.33735204]","nearest_3d":"[-0.97600991,-2.92984414,1.45621121]","type":"wall-back"},"2":{"unique_id":"3bc98579-3fc8-4cb5-bade-40abb9f2f09d","ros_timestamp":"1696511923.5500243","T_map_cam":"[[-0.99845860,-0.00000025,-0.05550164,-1.00315439],[0.05550164,0.00000028,-0.99845860,-0.71841632],[0.00000027,-1.00000000,-0.00000027,1.50499968],[0.00000000,0.00000000,0.00000000,1.00000000]]","center_3d":"[-0.08321242,2.92660880,1.34977043]","nearest_3d":"[-1.14323294,2.89678264,1.45568883]","type":"wall-front"},"3":{"unique_id":"158f725a-3373-4249-9010-383a9003b562","ros_timestamp":"1696511923.5500243","T_map_cam":"[[-0.99845860,-0.00000025,-0.05550164,-1.00315439],[0.05550164,0.00000028,-0.99845860,-0.71841632],[0.00000027,-1.00000000,-0.00000027,1.50499968],[0.00000000,0.00000000,0.00000000,1.00000000]]","center_3d":"[-1.31510854,-0.56633693,1.45638788]","nearest_3d":"[-1.28619754,-0.74908334,1.45544553]","type":"wall-left"},"4":{"unique_id":"fe89b210-dcbc-44c4-a137-590312f43743","ros_timestamp":"1696511923.5500243","T_map_cam":"[[-0.99845860,-0.00000025,-0.05550164,-1.00315439],[0.05550164,0.00000028,-0.99845860,-0.71841632],[0.00000027,-1.00000000,-0.00000027,1.50499968],[0.00000000,0.00000000,0.00000000,1.00000000]]","center_3d":"[0.00304624,0.73114747,0.70368868]","nearest_3d":"[-0.19412732,0.69970995,0.66796237]","type":"obstacle"}}