{"0":{"unique_id":"7e17a0c3-7cbd-473d-804b-0751990995dd","ros_timestamp":"1696511925.449491","T_map_cam":"[[-0.99845860,-0.00000025,-0.05550164,-1.01064711],[0.05550164,0.00000028,-0.99845860,-0.85320824],[0.00000027,-1.00000000,-0.00000027,1.50500007],[0.00000000,0.00000000,0.00000000,1.00000000]]","center_3d":"[1.31649160,0.10812212,1.42411304]","nearest_3d":"[1.29143786,-0.85264397,1.45553708]","type":"wall-right"},"1":{"unique_id":"fc0ce935-7618-4981-a8ff-6ad578ab4de8","ros_timestamp":"1696511925.449491","T_map_cam":"[[-0.99845860,-0.00000025,-0.05550164,-1.01064711],[0.05550164,0.00000028,-0.99845860,-0.85320824],[0.00000027,-1.00000000,-0.00000027,1.50500007],[0.00000000,0.00000000,0.00000000,1.00000000]]","center_3d":"[-0.05487531,-2.93064046,1.33771646]","nearest_3d":"[-0.97594607,-2.92927885,1.45597720]","type":"wall-back"},"2":{"unique_id":"3bc98579-3fc8-4cb5-bade-40abb9f2f09d","ros_timestamp":"1696511925.449491","T_map_cam":"[[-0.99845860,-0.00000025,-0.05550164,-1.01064711],[0.05550164,0.00000028,-0.99845860,-0.85320824],[0.00000027,-1.00000000,-0.00000027,1.50500007],[0.00000000,0.00000000,0.00000000,1.00000000]]","center_3d":"[-0.07720228,2.92662406,1.34779525]","nearest_3d":"[-1.14323294,2.89678264,1.45568883]","type":"wall-front"},"3":{"unique_id":"158f725a-3373-4249-9010-383a9003b562","ros_timestamp":"1696511925.449491","T_map_cam":"[[-0.99845860,-0.00000025,-0.05550164,-1.01064711],[0.05550164,0.00000028,-0.99845860,-0.85320824],[0.00000027,-1.00000000,-0.00000027,1.50500007],[0.00000000,0.00000000,0.00000000,1.00000000]]","center_3d":"[-1.31527150,-0.55381072,1.45627177]","nearest_3d":"[-1.28935778,-0.83323669,1.45577621]","type":"wall-left"},"4":{"unique_id":"fe89b210-dcbc-44c4-a137-590312f43743","ros_timestamp":"1696511925.449491","T_map_cam":"[[-0.99845860,-0.00000025,-0.05550164,-1.01064711],[0.05550164,0.00000028,-0.99845860,-0.85320824],[0.00000027,-1.00000000,-0.00000027,1.50500007],[0.00000000,0.00000000,0.00000000,1.00000000]]","center_3d":"[0.00304624,0.73114747,0.70368868]","nearest_3d":"[-0.19412732,0.69970995,0.66796237]","type":"obstacle"}}