{"0":{"unique_id":"7e17a0c3-7cbd-473d-804b-0751990995dd","ros_timestamp":"1696511830.0493226","T_map_cam":"[[0.97245590,0.00000020,0.23308694,0.90454785],[-0.23308694,-0.00000032,0.97245590,-1.87900261],[0.00000027,-1.00000000,-0.00000027,1.50499963],[0.00000000,0.00000000,0.00000000,1.00000000]]","center_3d":"[1.16902781,0.45447811,1.39604568]","nearest_3d":"[0.98433042,-2.92632627,1.45543361]","type":"wall-right"},"1":{"unique_id":"fc0ce935-7618-4981-a8ff-6ad578ab4de8","ros_timestamp":"1696511830.0493226","T_map_cam":"[[0.97245590,0.00000020,0.23308694,0.90454785],[-0.23308694,-0.00000032,0.97245590,-1.87900261],[0.00000027,-1.00000000,-0.00000027,1.50499963],[0.00000000,0.00000000,0.00000000,1.00000000]]","center_3d":"[0.65180075,-2.92636085,1.50835323]","nearest_3d":"[0.86271799,-2.92450905,1.45560408]","type":"wall-back"},"2":{"unique_id":"fe89b210-dcbc-44c4-a137-590312f43743","ros_timestamp":"1696511830.0493226","T_map_cam":"[[0.97245590,0.00000020,0.23308694,0.90454785],[-0.23308694,-0.00000032,0.97245590,-1.87900261],[0.00000027,-1.00000000,-0.00000027,1.50499963],[0.00000000,0.00000000,0.00000000,1.00000000]]","center_3d":"[0.19768751,0.68338084,0.59265959]","nearest_3d":"[0.19272089,0.69248760,0.64455575]","type":"obstacle"}}