{"0":{"unique_id":"7e17a0c3-7cbd-473d-804b-0751990995dd","ros_timestamp":"1696511830.3494523","T_map_cam":"[[0.97607652,0.00000020,0.21742729,0.90580745],[-0.21742729,-0.00000032,0.97607652,-1.86389864],[0.00000027,-1.00000000,-0.00000027,1.50499966],[0.00000000,0.00000000,0.00000000,1.00000000]]","center_3d":"[1.18122184,0.33764651,1.40780830]","nearest_3d":"[1.17877233,-2.92359543,1.45554614]","type":"wall-right"},"1":{"unique_id":"fc0ce935-7618-4981-a8ff-6ad578ab4de8","ros_timestamp":"1696511830.3494523","T_map_cam":"[[0.97607652,0.00000020,0.21742729,0.90580745],[-0.21742729,-0.00000032,0.97607652,-1.86389864],[0.00000027,-1.00000000,-0.00000027,1.50499966],[0.00000000,0.00000000,0.00000000,1.00000000]]","center_3d":"[0.65180075,-2.92636085,1.50835323]","nearest_3d":"[0.86271799,-2.92450905,1.45560408]","type":"wall-back"},"2":{"unique_id":"fe89b210-dcbc-44c4-a137-590312f43743","ros_timestamp":"1696511830.3494523","T_map_cam":"[[0.97607652,0.00000020,0.21742729,0.90580745],[-0.21742729,-0.00000032,0.97607652,-1.86389864],[0.00000027,-1.00000000,-0.00000027,1.50499966],[0.00000000,0.00000000,0.00000000,1.00000000]]","center_3d":"[0.16269550,0.72191375,0.70928288]","nearest_3d":"[0.19635369,0.68672097,0.65410137]","type":"obstacle"}}