{"0":{"unique_id":"7e17a0c3-7cbd-473d-804b-0751990995dd","ros_timestamp":"1696511830.5495632","T_map_cam":"[[0.97889499,0.00000021,0.20436390,0.90720287],[-0.20436390,-0.00000032,0.97889499,-1.84885551],[0.00000027,-1.00000000,-0.00000027,1.50499968],[0.00000000,0.00000000,0.00000000,1.00000000]]","center_3d":"[1.17629826,0.33756721,1.40780246]","nearest_3d":"[1.08554602,-2.92629099,1.45547462]","type":"wall-right"},"1":{"unique_id":"fc0ce935-7618-4981-a8ff-6ad578ab4de8","ros_timestamp":"1696511830.5495632","T_map_cam":"[[0.97889499,0.00000021,0.20436390,0.90720287],[-0.20436390,-0.00000032,0.97889499,-1.84885551],[0.00000027,-1.00000000,-0.00000027,1.50499968],[0.00000000,0.00000000,0.00000000,1.00000000]]","center_3d":"[0.65180075,-2.92636085,1.50835323]","nearest_3d":"[0.86271799,-2.92450905,1.45560408]","type":"wall-back"},"2":{"unique_id":"fe89b210-dcbc-44c4-a137-590312f43743","ros_timestamp":"1696511830.5495632","T_map_cam":"[[0.97889499,0.00000021,0.20436390,0.90720287],[-0.20436390,-0.00000032,0.97889499,-1.84885551],[0.00000027,-1.00000000,-0.00000027,1.50499968],[0.00000000,0.00000000,0.00000000,1.00000000]]","center_3d":"[0.14823437,0.71966124,0.69645602]","nearest_3d":"[0.19081768,0.68815732,0.65643275]","type":"obstacle"}}