{"0":{"unique_id":"7e17a0c3-7cbd-473d-804b-0751990995dd","ros_timestamp":"1696511830.8667228","T_map_cam":"[[0.98329541,0.00000021,0.18201687,0.91002406],[-0.18201687,-0.00000031,0.98329541,-1.81883627],[0.00000027,-1.00000000,-0.00000027,1.50499974],[0.00000000,0.00000000,0.00000000,1.00000000]]","center_3d":"[1.18122184,0.33764651,1.40780830]","nearest_3d":"[1.17877233,-2.92359543,1.45554614]","type":"wall-right"},"1":{"unique_id":"fc0ce935-7618-4981-a8ff-6ad578ab4de8","ros_timestamp":"1696511830.8667228","T_map_cam":"[[0.98329541,0.00000021,0.18201687,0.91002406],[-0.18201687,-0.00000031,0.98329541,-1.81883627],[0.00000027,-1.00000000,-0.00000027,1.50499974],[0.00000000,0.00000000,0.00000000,1.00000000]]","center_3d":"[0.65180075,-2.92636085,1.50835323]","nearest_3d":"[0.86271799,-2.92450905,1.45560408]","type":"wall-back"},"2":{"unique_id":"fe89b210-dcbc-44c4-a137-590312f43743","ros_timestamp":"1696511830.8667228","T_map_cam":"[[0.98329541,0.00000021,0.18201687,0.91002406],[-0.18201687,-0.00000031,0.98329541,-1.81883627],[0.00000027,-1.00000000,-0.00000027,1.50499974],[0.00000000,0.00000000,0.00000000,1.00000000]]","center_3d":"[0.13786943,0.71706921,0.67421854]","nearest_3d":"[0.19901325,0.69541293,0.66201901]","type":"obstacle"}}