{"0":{"unique_id":"7e17a0c3-7cbd-473d-804b-0751990995dd","ros_timestamp":"1696511831.0493262","T_map_cam":"[[0.98481300,0.00000022,0.17361841,0.91155466],[-0.17361841,-0.00000031,0.98481300,-1.80387051],[0.00000027,-1.00000000,-0.00000027,1.50499976],[0.00000000,0.00000000,0.00000000,1.00000000]]","center_3d":"[1.17365479,0.28262201,1.41457069]","nearest_3d":"[1.19636559,-0.70737708,1.45548677]","type":"wall-right"},"1":{"unique_id":"fc0ce935-7618-4981-a8ff-6ad578ab4de8","ros_timestamp":"1696511831.0493262","T_map_cam":"[[0.98481300,0.00000022,0.17361841,0.91155466],[-0.17361841,-0.00000031,0.98481300,-1.80387051],[0.00000027,-1.00000000,-0.00000027,1.50499976],[0.00000000,0.00000000,0.00000000,1.00000000]]","center_3d":"[0.64086586,-2.92635298,1.50835884]","nearest_3d":"[0.86271799,-2.92450905,1.45560408]","type":"wall-back"},"2":{"unique_id":"fe89b210-dcbc-44c4-a137-590312f43743","ros_timestamp":"1696511831.0493262","T_map_cam":"[[0.98481300,0.00000022,0.17361841,0.91155466],[-0.17361841,-0.00000031,0.98481300,-1.80387051],[0.00000027,-1.00000000,-0.00000027,1.50499976],[0.00000000,0.00000000,0.00000000,1.00000000]]","center_3d":"[0.12391150,0.71739435,0.67539221]","nearest_3d":"[0.18518095,0.68924707,0.65301919]","type":"obstacle"}}