{"0":{"unique_id":"7e17a0c3-7cbd-473d-804b-0751990995dd","ros_timestamp":"1696511831.3492782","T_map_cam":"[[0.98597379,0.00000022,0.16690025,0.91319937],[-0.16690025,-0.00000031,0.98597379,-1.78893252],[0.00000027,-1.00000000,-0.00000027,1.50499979],[0.00000000,0.00000000,0.00000000,1.00000000]]","center_3d":"[1.17890739,0.28270665,1.41457689]","nearest_3d":"[1.19636559,-0.70737708,1.45548677]","type":"wall-right"},"1":{"unique_id":"fc0ce935-7618-4981-a8ff-6ad578ab4de8","ros_timestamp":"1696511831.3492782","T_map_cam":"[[0.98597379,0.00000022,0.16690025,0.91319937],[-0.16690025,-0.00000031,0.98597379,-1.78893252],[0.00000027,-1.00000000,-0.00000027,1.50499979],[0.00000000,0.00000000,0.00000000,1.00000000]]","center_3d":"[0.63039201,-2.92652202,1.50834632]","nearest_3d":"[0.86271799,-2.92450905,1.45560408]","type":"wall-back"},"2":{"unique_id":"fe89b210-dcbc-44c4-a137-590312f43743","ros_timestamp":"1696511831.3492782","T_map_cam":"[[0.98597379,0.00000022,0.16690025,0.91319937],[-0.16690025,-0.00000031,0.98597379,-1.78893252],[0.00000027,-1.00000000,-0.00000027,1.50499979],[0.00000000,0.00000000,0.00000000,1.00000000]]","center_3d":"[0.10222504,0.72888207,0.68449658]","nearest_3d":"[0.18512237,0.68948990,0.65052927]","type":"obstacle"}}