{"0":{"unique_id":"7e17a0c3-7cbd-473d-804b-0751990995dd","ros_timestamp":"1696511831.6493216","T_map_cam":"[[0.98912755,0.00000023,0.14706017,0.91516245],[-0.14706017,-0.00000030,0.98912755,-1.75886918],[0.00000027,-1.00000000,-0.00000027,1.50499984],[0.00000000,0.00000000,0.00000000,1.00000000]]","center_3d":"[1.17365479,0.28262201,1.41457069]","nearest_3d":"[1.19636559,-0.70737708,1.45548677]","type":"wall-right"},"1":{"unique_id":"fc0ce935-7618-4981-a8ff-6ad578ab4de8","ros_timestamp":"1696511831.6493216","T_map_cam":"[[0.98912755,0.00000023,0.14706017,0.91516245],[-0.14706017,-0.00000030,0.98912755,-1.75886918],[0.00000027,-1.00000000,-0.00000027,1.50499984],[0.00000000,0.00000000,0.00000000,1.00000000]]","center_3d":"[0.63698846,-2.92634535,1.51271474]","nearest_3d":"[0.86271799,-2.92450905,1.45560408]","type":"wall-back"},"2":{"unique_id":"fe89b210-dcbc-44c4-a137-590312f43743","ros_timestamp":"1696511831.6493216","T_map_cam":"[[0.98912755,0.00000023,0.14706017,0.91516245],[-0.14706017,-0.00000030,0.98912755,-1.75886918],[0.00000027,-1.00000000,-0.00000027,1.50499984],[0.00000000,0.00000000,0.00000000,1.00000000]]","center_3d":"[0.08109002,0.72586364,0.67492974]","nearest_3d":"[0.19184911,0.68787825,0.65098155]","type":"obstacle"}}