{"0":{"unique_id":"7e17a0c3-7cbd-473d-804b-0751990995dd","ros_timestamp":"1696511832.14932","T_map_cam":"[[0.99213974,0.00000023,0.12513491,0.91827532],[-0.12513491,-0.00000030,0.99213974,-1.71387577],[0.00000027,-1.00000000,-0.00000027,1.50499991],[0.00000000,0.00000000,0.00000000,1.00000000]]","center_3d":"[1.17365479,0.28262201,1.41457069]","nearest_3d":"[1.19636559,-0.70737708,1.45548677]","type":"wall-right"},"1":{"unique_id":"fc0ce935-7618-4981-a8ff-6ad578ab4de8","ros_timestamp":"1696511832.14932","T_map_cam":"[[0.99213974,0.00000023,0.12513491,0.91827532],[-0.12513491,-0.00000030,0.99213974,-1.71387577],[0.00000027,-1.00000000,-0.00000027,1.50499991],[0.00000000,0.00000000,0.00000000,1.00000000]]","center_3d":"[0.63698846,-2.92634535,1.51271474]","nearest_3d":"[0.86271799,-2.92450905,1.45560408]","type":"wall-back"},"2":{"unique_id":"fe89b210-dcbc-44c4-a137-590312f43743","ros_timestamp":"1696511832.14932","T_map_cam":"[[0.99213974,0.00000023,0.12513491,0.91827532],[-0.12513491,-0.00000030,0.99213974,-1.71387577],[0.00000027,-1.00000000,-0.00000027,1.50499991],[0.00000000,0.00000000,0.00000000,1.00000000]]","center_3d":"[0.07408140,0.72684312,0.68188721]","nearest_3d":"[0.17908543,0.69752163,0.67828691]","type":"obstacle"}}