{"0":{"unique_id":"7e17a0c3-7cbd-473d-804b-0751990995dd","ros_timestamp":"1696511832.2493281","T_map_cam":"[[0.99316408,0.00000024,0.11672665,0.91895137],[-0.11672665,-0.00000030,0.99316408,-1.69884737],[0.00000027,-1.00000000,-0.00000027,1.50499993],[0.00000000,0.00000000,0.00000000,1.00000000]]","center_3d":"[1.17890739,0.28270665,1.41457689]","nearest_3d":"[1.19636559,-0.70737708,1.45548677]","type":"wall-right"},"1":{"unique_id":"fc0ce935-7618-4981-a8ff-6ad578ab4de8","ros_timestamp":"1696511832.2493281","T_map_cam":"[[0.99316408,0.00000024,0.11672665,0.91895137],[-0.11672665,-0.00000030,0.99316408,-1.69884737],[0.00000027,-1.00000000,-0.00000027,1.50499993],[0.00000000,0.00000000,0.00000000,1.00000000]]","center_3d":"[0.63039201,-2.92652202,1.50834632]","nearest_3d":"[0.86271799,-2.92450905,1.45560408]","type":"wall-back"},"2":{"unique_id":"fe89b210-dcbc-44c4-a137-590312f43743","ros_timestamp":"1696511832.2493281","T_map_cam":"[[0.99316408,0.00000024,0.11672665,0.91895137],[-0.11672665,-0.00000030,0.99316408,-1.69884737],[0.00000027,-1.00000000,-0.00000027,1.50499993],[0.00000000,0.00000000,0.00000000,1.00000000]]","center_3d":"[0.07366136,0.72964823,0.68221653]","nearest_3d":"[0.17718059,0.69955510,0.67737895]","type":"obstacle"}}