{"0":{"unique_id":"7e17a0c3-7cbd-473d-804b-0751990995dd","ros_timestamp":"1696511832.3495116","T_map_cam":"[[0.99316408,0.00000024,0.11672665,0.91895137],[-0.11672665,-0.00000030,0.99316408,-1.69884737],[0.00000027,-1.00000000,-0.00000027,1.50499993],[0.00000000,0.00000000,0.00000000,1.00000000]]","center_3d":"[1.17679572,0.27298298,1.41902435]","nearest_3d":"[1.19636559,-0.70737708,1.45548677]","type":"wall-right"},"1":{"unique_id":"fc0ce935-7618-4981-a8ff-6ad578ab4de8","ros_timestamp":"1696511832.3495116","T_map_cam":"[[0.99316408,0.00000024,0.11672665,0.91895137],[-0.11672665,-0.00000030,0.99316408,-1.69884737],[0.00000027,-1.00000000,-0.00000027,1.50499993],[0.00000000,0.00000000,0.00000000,1.00000000]]","center_3d":"[0.63129681,-2.92652416,1.49996936]","nearest_3d":"[0.86271799,-2.92450905,1.45560408]","type":"wall-back"},"2":{"unique_id":"fe89b210-dcbc-44c4-a137-590312f43743","ros_timestamp":"1696511832.3495116","T_map_cam":"[[0.99316408,0.00000024,0.11672665,0.91895137],[-0.11672665,-0.00000030,0.99316408,-1.69884737],[0.00000027,-1.00000000,-0.00000027,1.50499993],[0.00000000,0.00000000,0.00000000,1.00000000]]","center_3d":"[0.06030039,0.73201662,0.69467330]","nearest_3d":"[0.18072671,0.69582760,0.65434569]","type":"obstacle"}}