{"0":{"unique_id":"7e17a0c3-7cbd-473d-804b-0751990995dd","ros_timestamp":"1696511832.4492755","T_map_cam":"[[0.99399573,0.00000024,0.10941891,0.91965847],[-0.10941891,-0.00000030,0.99399573,-1.68383128],[0.00000027,-1.00000000,-0.00000027,1.50499995],[0.00000000,0.00000000,0.00000000,1.00000000]]","center_3d":"[1.17351723,0.28075022,1.41798162]","nearest_3d":"[1.19636559,-0.70737708,1.45548677]","type":"wall-right"},"1":{"unique_id":"fc0ce935-7618-4981-a8ff-6ad578ab4de8","ros_timestamp":"1696511832.4492755","T_map_cam":"[[0.99399573,0.00000024,0.10941891,0.91965847],[-0.10941891,-0.00000030,0.99399573,-1.68383128],[0.00000027,-1.00000000,-0.00000027,1.50499995],[0.00000000,0.00000000,0.00000000,1.00000000]]","center_3d":"[0.67775834,-2.92626786,1.52319288]","nearest_3d":"[0.86271799,-2.92450905,1.45560408]","type":"wall-back"},"2":{"unique_id":"fe89b210-dcbc-44c4-a137-590312f43743","ros_timestamp":"1696511832.4492755","T_map_cam":"[[0.99399573,0.00000024,0.10941891,0.91965847],[-0.10941891,-0.00000030,0.99399573,-1.68383128],[0.00000027,-1.00000000,-0.00000027,1.50499995],[0.00000000,0.00000000,0.00000000,1.00000000]]","center_3d":"[0.05548259,0.73218668,0.69352812]","nearest_3d":"[0.18910500,0.69691342,0.64611316]","type":"obstacle"}}