{"0":{"unique_id":"7e17a0c3-7cbd-473d-804b-0751990995dd","ros_timestamp":"1696511832.6494439","T_map_cam":"[[0.99446218,0.00000024,0.10509511,0.92068217],[-0.10509511,-0.00000029,0.99446218,-1.66885481],[0.00000027,-1.00000000,-0.00000027,1.50499998],[0.00000000,0.00000000,0.00000000,1.00000000]]","center_3d":"[1.17890739,0.28270665,1.41457689]","nearest_3d":"[1.19636559,-0.70737708,1.45548677]","type":"wall-right"},"1":{"unique_id":"fc0ce935-7618-4981-a8ff-6ad578ab4de8","ros_timestamp":"1696511832.6494439","T_map_cam":"[[0.99446218,0.00000024,0.10509511,0.92068217],[-0.10509511,-0.00000029,0.99446218,-1.66885481],[0.00000027,-1.00000000,-0.00000027,1.50499998],[0.00000000,0.00000000,0.00000000,1.00000000]]","center_3d":"[0.62645078,-2.92651534,1.51270223]","nearest_3d":"[0.86271799,-2.92450905,1.45560408]","type":"wall-back"},"2":{"unique_id":"fe89b210-dcbc-44c4-a137-590312f43743","ros_timestamp":"1696511832.6494439","T_map_cam":"[[0.99446218,0.00000024,0.10509511,0.92068217],[-0.10509511,-0.00000029,0.99446218,-1.66885481],[0.00000027,-1.00000000,-0.00000027,1.50499998],[0.00000000,0.00000000,0.00000000,1.00000000]]","center_3d":"[0.03633096,0.73188430,0.69460034]","nearest_3d":"[0.18183480,0.70573711,0.66076624]","type":"obstacle"}}