{"0":{"unique_id":"7e17a0c3-7cbd-473d-804b-0751990995dd","ros_timestamp":"1696511833.0492666","T_map_cam":"[[0.99577982,0.00000024,0.09177444,0.92180965],[-0.09177444,-0.00000029,0.99577982,-1.63882043],[0.00000027,-1.00000000,-0.00000027,1.50500002],[0.00000000,0.00000000,0.00000000,1.00000000]]","center_3d":"[1.17890739,0.28270665,1.41457689]","nearest_3d":"[1.19636559,-0.70737708,1.45548677]","type":"wall-right"},"1":{"unique_id":"fc0ce935-7618-4981-a8ff-6ad578ab4de8","ros_timestamp":"1696511833.0492666","T_map_cam":"[[0.99577982,0.00000024,0.09177444,0.92180965],[-0.09177444,-0.00000029,0.99577982,-1.63882043],[0.00000027,-1.00000000,-0.00000027,1.50500002],[0.00000000,0.00000000,0.00000000,1.00000000]]","center_3d":"[0.62645078,-2.92651534,1.51270223]","nearest_3d":"[0.86271799,-2.92450905,1.45560408]","type":"wall-back"},"2":{"unique_id":"fe89b210-dcbc-44c4-a137-590312f43743","ros_timestamp":"1696511833.0492666","T_map_cam":"[[0.99577982,0.00000024,0.09177444,0.92180965],[-0.09177444,-0.00000029,0.99577982,-1.63882043],[0.00000027,-1.00000000,-0.00000027,1.50500002],[0.00000000,0.00000000,0.00000000,1.00000000]]","center_3d":"[0.03974048,0.73313212,0.70047623]","nearest_3d":"[0.18505706,0.70227027,0.67085308]","type":"obstacle"}}