{"0":{"unique_id":"7e17a0c3-7cbd-473d-804b-0751990995dd","ros_timestamp":"1696511833.2493224","T_map_cam":"[[0.99612707,0.00000024,0.08792526,0.92263648],[-0.08792526,-0.00000029,0.99612707,-1.62383414],[0.00000027,-1.00000000,-0.00000027,1.50500004],[0.00000000,0.00000000,0.00000000,1.00000000]]","center_3d":"[1.17365479,0.28262201,1.41457069]","nearest_3d":"[1.19636559,-0.70737708,1.45548677]","type":"wall-right"},"1":{"unique_id":"fc0ce935-7618-4981-a8ff-6ad578ab4de8","ros_timestamp":"1696511833.2493224","T_map_cam":"[[0.99612707,0.00000024,0.08792526,0.92263648],[-0.08792526,-0.00000029,0.99612707,-1.62383414],[0.00000027,-1.00000000,-0.00000027,1.50500004],[0.00000000,0.00000000,0.00000000,1.00000000]]","center_3d":"[0.64086586,-2.92635298,1.50835884]","nearest_3d":"[0.86271799,-2.92450905,1.45560408]","type":"wall-back"},"2":{"unique_id":"fe89b210-dcbc-44c4-a137-590312f43743","ros_timestamp":"1696511833.2493224","T_map_cam":"[[0.99612707,0.00000024,0.08792526,0.92263648],[-0.08792526,-0.00000029,0.99612707,-1.62383414],[0.00000027,-1.00000000,-0.00000027,1.50500004],[0.00000000,0.00000000,0.00000000,1.00000000]]","center_3d":"[0.04169808,0.73154992,0.69660062]","nearest_3d":"[0.19281049,0.69679737,0.65384209]","type":"obstacle"}}