{"0":{"unique_id":"7e17a0c3-7cbd-473d-804b-0751990995dd","ros_timestamp":"1696511833.3495097","T_map_cam":"[[0.99683817,0.00000025,0.07945859,0.92274604],[-0.07945859,-0.00000029,0.99683817,-1.60879067],[0.00000027,-1.00000000,-0.00000027,1.50500006],[0.00000000,0.00000000,0.00000000,1.00000000]]","center_3d":"[1.17890739,0.28270665,1.41457689]","nearest_3d":"[1.19636559,-0.70737708,1.45548677]","type":"wall-right"},"1":{"unique_id":"fc0ce935-7618-4981-a8ff-6ad578ab4de8","ros_timestamp":"1696511833.3495097","T_map_cam":"[[0.99683817,0.00000025,0.07945859,0.92274604],[-0.07945859,-0.00000029,0.99683817,-1.60879067],[0.00000027,-1.00000000,-0.00000027,1.50500006],[0.00000000,0.00000000,0.00000000,1.00000000]]","center_3d":"[0.62247801,-2.92653418,1.51538026]","nearest_3d":"[0.86271799,-2.92450905,1.45560408]","type":"wall-back"},"2":{"unique_id":"fe89b210-dcbc-44c4-a137-590312f43743","ros_timestamp":"1696511833.3495097","T_map_cam":"[[0.99683817,0.00000025,0.07945859,0.92274604],[-0.07945859,-0.00000029,0.99683817,-1.60879067],[0.00000027,-1.00000000,-0.00000027,1.50500006],[0.00000000,0.00000000,0.00000000,1.00000000]]","center_3d":"[0.04146148,0.73321557,0.69511193]","nearest_3d":"[0.19165696,0.69834816,0.65387946]","type":"obstacle"}}