{"0":{"unique_id":"7e17a0c3-7cbd-473d-804b-0751990995dd","ros_timestamp":"1696511833.5494153","T_map_cam":"[[0.99710750,0.00000025,0.07600422,0.92344452],[-0.07600422,-0.00000029,0.99710750,-1.59379975],[0.00000027,-1.00000000,-0.00000027,1.50500008],[0.00000000,0.00000000,0.00000000,1.00000000]]","center_3d":"[1.17104268,0.36400995,1.40779567]","nearest_3d":"[1.18034089,-0.53581440,1.45562243]","type":"wall-right"},"1":{"unique_id":"fc0ce935-7618-4981-a8ff-6ad578ab4de8","ros_timestamp":"1696511833.5494153","T_map_cam":"[[0.99710750,0.00000025,0.07600422,0.92344452],[-0.07600422,-0.00000029,0.99710750,-1.59379975],[0.00000027,-1.00000000,-0.00000027,1.50500008],[0.00000000,0.00000000,0.00000000,1.00000000]]","center_3d":"[0.63493079,-2.92634797,1.51354325]","nearest_3d":"[0.86271799,-2.92450905,1.45560408]","type":"wall-back"},"2":{"unique_id":"fe89b210-dcbc-44c4-a137-590312f43743","ros_timestamp":"1696511833.5494153","T_map_cam":"[[0.99710750,0.00000025,0.07600422,0.92344452],[-0.07600422,-0.00000029,0.99710750,-1.59379975],[0.00000027,-1.00000000,-0.00000027,1.50500008],[0.00000000,0.00000000,0.00000000,1.00000000]]","center_3d":"[0.04188551,0.73162681,0.69646537]","nearest_3d":"[0.19279698,0.69509411,0.64783633]","type":"obstacle"}}