{"0":{"unique_id":"7e17a0c3-7cbd-473d-804b-0751990995dd","ros_timestamp":"1696511833.849484","T_map_cam":"[[0.99787370,0.00000025,0.06517730,0.92411182],[-0.06517730,-0.00000029,0.99787370,-1.56377222],[0.00000027,-1.00000000,-0.00000027,1.50500012],[0.00000000,0.00000000,0.00000000,1.00000000]]","center_3d":"[1.17365479,0.28262201,1.41457069]","nearest_3d":"[1.19636559,-0.70737708,1.45548677]","type":"wall-right"},"1":{"unique_id":"fc0ce935-7618-4981-a8ff-6ad578ab4de8","ros_timestamp":"1696511833.849484","T_map_cam":"[[0.99787370,0.00000025,0.06517730,0.92411182],[-0.06517730,-0.00000029,0.99787370,-1.56377222],[0.00000027,-1.00000000,-0.00000027,1.50500012],[0.00000000,0.00000000,0.00000000,1.00000000]]","center_3d":"[0.64086586,-2.92635298,1.50835884]","nearest_3d":"[0.86271799,-2.92450905,1.45560408]","type":"wall-back"},"2":{"unique_id":"fe89b210-dcbc-44c4-a137-590312f43743","ros_timestamp":"1696511833.849484","T_map_cam":"[[0.99787370,0.00000025,0.06517730,0.92411182],[-0.06517730,-0.00000029,0.99787370,-1.56377222],[0.00000027,-1.00000000,-0.00000027,1.50500012],[0.00000000,0.00000000,0.00000000,1.00000000]]","center_3d":"[0.02550324,0.73096740,0.69789946]","nearest_3d":"[0.19489114,0.69304717,0.64740390]","type":"obstacle"}}