{"0":{"unique_id":"7e17a0c3-7cbd-473d-804b-0751990995dd","ros_timestamp":"1696511834.4632971","T_map_cam":"[[0.99863321,0.00000025,0.05226586,0.92503527],[-0.05226586,-0.00000028,0.99863321,-1.51874932],[0.00000027,-1.00000000,-0.00000027,1.50500018],[0.00000000,0.00000000,0.00000000,1.00000000]]","center_3d":"[1.17365479,0.28262201,1.41457069]","nearest_3d":"[1.19636559,-0.70737708,1.45548677]","type":"wall-right"},"1":{"unique_id":"fc0ce935-7618-4981-a8ff-6ad578ab4de8","ros_timestamp":"1696511834.4632971","T_map_cam":"[[0.99863321,0.00000025,0.05226586,0.92503527],[-0.05226586,-0.00000028,0.99863321,-1.51874932],[0.00000027,-1.00000000,-0.00000027,1.50500018],[0.00000000,0.00000000,0.00000000,1.00000000]]","center_3d":"[0.63698846,-2.92634535,1.51271474]","nearest_3d":"[0.86271799,-2.92450905,1.45560408]","type":"wall-back"},"2":{"unique_id":"fe89b210-dcbc-44c4-a137-590312f43743","ros_timestamp":"1696511834.4632971","T_map_cam":"[[0.99863321,0.00000025,0.05226586,0.92503527],[-0.05226586,-0.00000028,0.99863321,-1.51874932],[0.00000027,-1.00000000,-0.00000027,1.50500018],[0.00000000,0.00000000,0.00000000,1.00000000]]","center_3d":"[0.01203020,0.72795433,0.69402546]","nearest_3d":"[0.18562047,0.69832402,0.65084678]","type":"obstacle"}}