{"0":{"unique_id":"7e17a0c3-7cbd-473d-804b-0751990995dd","ros_timestamp":"1696511834.6494935","T_map_cam":"[[0.99877636,0.00000025,0.04945491,0.92541777],[-0.04945491,-0.00000028,0.99877636,-1.50374941],[0.00000027,-1.00000000,-0.00000027,1.50500020],[0.00000000,0.00000000,0.00000000,1.00000000]]","center_3d":"[1.17890739,0.28270665,1.41457689]","nearest_3d":"[1.19636559,-0.70737708,1.45548677]","type":"wall-right"},"1":{"unique_id":"fc0ce935-7618-4981-a8ff-6ad578ab4de8","ros_timestamp":"1696511834.6494935","T_map_cam":"[[0.99877636,0.00000025,0.04945491,0.92541777],[-0.04945491,-0.00000028,0.99877636,-1.50374941],[0.00000027,-1.00000000,-0.00000027,1.50500020],[0.00000000,0.00000000,0.00000000,1.00000000]]","center_3d":"[0.62645078,-2.92651534,1.51270223]","nearest_3d":"[0.86271799,-2.92450905,1.45560408]","type":"wall-back"},"2":{"unique_id":"fe89b210-dcbc-44c4-a137-590312f43743","ros_timestamp":"1696511834.6494935","T_map_cam":"[[0.99877636,0.00000025,0.04945491,0.92541777],[-0.04945491,-0.00000028,0.99877636,-1.50374941],[0.00000027,-1.00000000,-0.00000027,1.50500020],[0.00000000,0.00000000,0.00000000,1.00000000]]","center_3d":"[0.01574283,0.72756952,0.69363791]","nearest_3d":"[0.18338244,0.70217007,0.67044872]","type":"obstacle"}}