{"0":{"unique_id":"7e17a0c3-7cbd-473d-804b-0751990995dd","ros_timestamp":"1696511834.9494371","T_map_cam":"[[0.99917258,0.00000026,0.04067132,0.92557018],[-0.04067132,-0.00000028,0.99917258,-1.47372600],[0.00000027,-1.00000000,-0.00000027,1.50500024],[0.00000000,0.00000000,0.00000000,1.00000000]]","center_3d":"[1.17890739,0.28270665,1.41457689]","nearest_3d":"[1.19636559,-0.70737708,1.45548677]","type":"wall-right"},"1":{"unique_id":"fc0ce935-7618-4981-a8ff-6ad578ab4de8","ros_timestamp":"1696511834.9494371","T_map_cam":"[[0.99917258,0.00000026,0.04067132,0.92557018],[-0.04067132,-0.00000028,0.99917258,-1.47372600],[0.00000027,-1.00000000,-0.00000027,1.50500024],[0.00000000,0.00000000,0.00000000,1.00000000]]","center_3d":"[0.62247771,-2.92650867,1.50838184]","nearest_3d":"[0.86271799,-2.92450905,1.45560408]","type":"wall-back"},"2":{"unique_id":"fe89b210-dcbc-44c4-a137-590312f43743","ros_timestamp":"1696511834.9494371","T_map_cam":"[[0.99917258,0.00000026,0.04067132,0.92557018],[-0.04067132,-0.00000028,0.99917258,-1.47372600],[0.00000027,-1.00000000,-0.00000027,1.50500024],[0.00000000,0.00000000,0.00000000,1.00000000]]","center_3d":"[0.01525897,0.72703880,0.69357532]","nearest_3d":"[0.19158593,0.69848645,0.65104616]","type":"obstacle"}}