{"0":{"unique_id":"7e17a0c3-7cbd-473d-804b-0751990995dd","ros_timestamp":"1696511835.349477","T_map_cam":"[[0.99946482,0.00000026,0.03271183,0.92561380],[-0.03271183,-0.00000028,0.99946482,-1.44370753],[0.00000027,-1.00000000,-0.00000027,1.50500028],[0.00000000,0.00000000,0.00000000,1.00000000]]","center_3d":"[1.17365479,0.28262201,1.41457069]","nearest_3d":"[1.19636559,-0.70737708,1.45548677]","type":"wall-right"},"1":{"unique_id":"fc0ce935-7618-4981-a8ff-6ad578ab4de8","ros_timestamp":"1696511835.349477","T_map_cam":"[[0.99946482,0.00000026,0.03271183,0.92561380],[-0.03271183,-0.00000028,0.99946482,-1.44370753],[0.00000027,-1.00000000,-0.00000027,1.50500028],[0.00000000,0.00000000,0.00000000,1.00000000]]","center_3d":"[0.64086586,-2.92635298,1.50835884]","nearest_3d":"[0.86271799,-2.92450905,1.45560408]","type":"wall-back"},"2":{"unique_id":"fe89b210-dcbc-44c4-a137-590312f43743","ros_timestamp":"1696511835.349477","T_map_cam":"[[0.99946482,0.00000026,0.03271183,0.92561380],[-0.03271183,-0.00000028,0.99946482,-1.44370753],[0.00000027,-1.00000000,-0.00000027,1.50500028],[0.00000000,0.00000000,0.00000000,1.00000000]]","center_3d":"[0.01021768,0.72746378,0.69358903]","nearest_3d":"[0.18769513,0.69602197,0.64045334]","type":"obstacle"}}