{"0":{"unique_id":"7e17a0c3-7cbd-473d-804b-0751990995dd","ros_timestamp":"1696511843.564004","T_map_cam":"[[0.99940980,0.00000028,-0.03435197,0.91478982],[0.03435197,-0.00000026,0.99940980,-1.03879593],[0.00000027,-1.00000000,-0.00000027,1.50500072],[0.00000000,0.00000000,0.00000000,1.00000000]]","center_3d":"[1.17365479,0.28262201,1.41457069]","nearest_3d":"[1.19636559,-0.70737708,1.45548677]","type":"wall-right"},"1":{"unique_id":"fc0ce935-7618-4981-a8ff-6ad578ab4de8","ros_timestamp":"1696511843.564004","T_map_cam":"[[0.99940980,0.00000028,-0.03435197,0.91478982],[0.03435197,-0.00000026,0.99940980,-1.03879593],[0.00000027,-1.00000000,-0.00000027,1.50500072],[0.00000000,0.00000000,0.00000000,1.00000000]]","center_3d":"[0.61845678,-2.92652702,1.50575006]","nearest_3d":"[0.86271799,-2.92450905,1.45560408]","type":"wall-back"},"2":{"unique_id":"fe89b210-dcbc-44c4-a137-590312f43743","ros_timestamp":"1696511843.564004","T_map_cam":"[[0.99940980,0.00000028,-0.03435197,0.91478982],[0.03435197,-0.00000026,0.99940980,-1.03879593],[0.00000027,-1.00000000,-0.00000027,1.50500072],[0.00000000,0.00000000,0.00000000,1.00000000]]","center_3d":"[0.01019126,0.72857350,0.69606137]","nearest_3d":"[0.19913875,0.70036048,0.65345359]","type":"obstacle"}}