{"0":{"unique_id":"7e17a0c3-7cbd-473d-804b-0751990995dd","ros_timestamp":"1696511848.6493583","T_map_cam":"[[0.99939607,0.00000028,-0.03474891,0.89809266],[0.03474891,-0.00000026,0.99939607,-0.60411720],[0.00000027,-1.00000000,-0.00000027,1.50500113],[0.00000000,0.00000000,0.00000000,1.00000000]]","center_3d":"[1.17890739,0.28270665,1.41457689]","nearest_3d":"[1.18034089,-0.53581440,1.45562243]","type":"wall-right"},"1":{"unique_id":"fc0ce935-7618-4981-a8ff-6ad578ab4de8","ros_timestamp":"1696511848.6493583","T_map_cam":"[[0.99939607,0.00000028,-0.03474891,0.89809266],[0.03474891,-0.00000026,0.99939607,-0.60411720],[0.00000027,-1.00000000,-0.00000027,1.50500113],[0.00000000,0.00000000,0.00000000,1.00000000]]","center_3d":"[0.61845678,-2.92652702,1.50575006]","nearest_3d":"[0.86271799,-2.92450905,1.45560408]","type":"wall-back"},"2":{"unique_id":"fe89b210-dcbc-44c4-a137-590312f43743","ros_timestamp":"1696511848.6493583","T_map_cam":"[[0.99939607,0.00000028,-0.03474891,0.89809266],[0.03474891,-0.00000026,0.99939607,-0.60411720],[0.00000027,-1.00000000,-0.00000027,1.50500113],[0.00000000,0.00000000,0.00000000,1.00000000]]","center_3d":"[0.00304624,0.73114747,0.70368868]","nearest_3d":"[0.19913875,0.70036048,0.65345359]","type":"obstacle"}}