{"0":{"unique_id":"7e17a0c3-7cbd-473d-804b-0751990995dd","ros_timestamp":"1696511850.1495352","T_map_cam":"[[0.99947845,0.00000028,-0.03229278,0.89439866],[0.03229278,-0.00000026,0.99947845,-0.48417365],[0.00000027,-1.00000000,-0.00000027,1.50500123],[0.00000000,0.00000000,0.00000000,1.00000000]]","center_3d":"[1.17365479,0.28262201,1.41457069]","nearest_3d":"[1.17034018,-0.42875874,1.45567858]","type":"wall-right"},"1":{"unique_id":"fc0ce935-7618-4981-a8ff-6ad578ab4de8","ros_timestamp":"1696511850.1495352","T_map_cam":"[[0.99947845,0.00000028,-0.03229278,0.89439866],[0.03229278,-0.00000026,0.99947845,-0.48417365],[0.00000027,-1.00000000,-0.00000027,1.50500123],[0.00000000,0.00000000,0.00000000,1.00000000]]","center_3d":"[0.61845678,-2.92652702,1.50575006]","nearest_3d":"[0.86271799,-2.92450905,1.45560408]","type":"wall-back"},"2":{"unique_id":"fe89b210-dcbc-44c4-a137-590312f43743","ros_timestamp":"1696511850.1495352","T_map_cam":"[[0.99947845,0.00000028,-0.03229278,0.89439866],[0.03229278,-0.00000026,0.99947845,-0.48417365],[0.00000027,-1.00000000,-0.00000027,1.50500123],[0.00000000,0.00000000,0.00000000,1.00000000]]","center_3d":"[0.00304624,0.73114747,0.70368868]","nearest_3d":"[0.15021417,0.74506903,0.77266073]","type":"obstacle"}}