{"0":{"unique_id":"7e17a0c3-7cbd-473d-804b-0751990995dd","ros_timestamp":"1696511865.3494911","T_map_cam":"[[0.99949528,0.00000028,-0.03176762,0.87176001],[0.03176762,-0.00000026,0.99949528,0.79057520],[0.00000027,-1.00000000,-0.00000027,1.50500228],[0.00000000,0.00000000,0.00000000,1.00000000]]","center_3d":"[1.17890739,0.28270665,1.41457689]","nearest_3d":"[1.18709087,0.76042837,1.45607817]","type":"wall-right"},"1":{"unique_id":"fc0ce935-7618-4981-a8ff-6ad578ab4de8","ros_timestamp":"1696511865.3494911","T_map_cam":"[[0.99949528,0.00000028,-0.03176762,0.87176001],[0.03176762,-0.00000026,0.99949528,0.79057520],[0.00000027,-1.00000000,-0.00000027,1.50500228],[0.00000000,0.00000000,0.00000000,1.00000000]]","center_3d":"[0.62511909,-2.92637253,1.50843096]","nearest_3d":"[0.86271799,-2.92450905,1.45560408]","type":"wall-back"},"2":{"unique_id":"3bc98579-3fc8-4cb5-bade-40abb9f2f09d","ros_timestamp":"1696511865.3494911","T_map_cam":"[[0.99949528,0.00000028,-0.03176762,0.87176001],[0.03176762,-0.00000026,0.99949528,0.79057520],[0.00000027,-1.00000000,-0.00000027,1.50500228],[0.00000000,0.00000000,0.00000000,1.00000000]]","center_3d":"[0.17972030,2.93074870,1.30967867]","nearest_3d":"[0.87731385,2.92989945,1.45632076]","type":"wall-front"},"3":{"unique_id":"fe89b210-dcbc-44c4-a137-590312f43743","ros_timestamp":"1696511865.3494911","T_map_cam":"[[0.99949528,0.00000028,-0.03176762,0.87176001],[0.03176762,-0.00000026,0.99949528,0.79057520],[0.00000027,-1.00000000,-0.00000027,1.50500228],[0.00000000,0.00000000,0.00000000,1.00000000]]","center_3d":"[0.00304624,0.73114747,0.70368868]","nearest_3d":"[0.14145416,0.74892080,0.78161848]","type":"obstacle"}}