{"0":{"unique_id":"7e17a0c3-7cbd-473d-804b-0751990995dd","ros_timestamp":"1696511865.5679119","T_map_cam":"[[0.99934410,0.00000028,-0.03621282,0.87064859],[0.03621282,-0.00000026,0.99934410,0.80554585],[0.00000027,-1.00000000,-0.00000027,1.50500229],[0.00000000,0.00000000,0.00000000,1.00000000]]","center_3d":"[1.17365479,0.28262201,1.41457069]","nearest_3d":"[1.18709087,0.76042837,1.45607817]","type":"wall-right"},"1":{"unique_id":"fc0ce935-7618-4981-a8ff-6ad578ab4de8","ros_timestamp":"1696511865.5679119","T_map_cam":"[[0.99934410,0.00000028,-0.03621282,0.87064859],[0.03621282,-0.00000026,0.99934410,0.80554585],[0.00000027,-1.00000000,-0.00000027,1.50500229],[0.00000000,0.00000000,0.00000000,1.00000000]]","center_3d":"[0.62511909,-2.92637253,1.50843096]","nearest_3d":"[0.86271799,-2.92450905,1.45560408]","type":"wall-back"},"2":{"unique_id":"3bc98579-3fc8-4cb5-bade-40abb9f2f09d","ros_timestamp":"1696511865.5679119","T_map_cam":"[[0.99934410,0.00000028,-0.03621282,0.87064859],[0.03621282,-0.00000026,0.99934410,0.80554585],[0.00000027,-1.00000000,-0.00000027,1.50500229],[0.00000000,0.00000000,0.00000000,1.00000000]]","center_3d":"[0.21045136,2.92995882,1.31559074]","nearest_3d":"[0.85800803,2.92942333,1.45667768]","type":"wall-front"},"3":{"unique_id":"fe89b210-dcbc-44c4-a137-590312f43743","ros_timestamp":"1696511865.5679119","T_map_cam":"[[0.99934410,0.00000028,-0.03621282,0.87064859],[0.03621282,-0.00000026,0.99934410,0.80554585],[0.00000027,-1.00000000,-0.00000027,1.50500229],[0.00000000,0.00000000,0.00000000,1.00000000]]","center_3d":"[0.00304624,0.73114747,0.70368868]","nearest_3d":"[0.14145416,0.74892080,0.78161848]","type":"obstacle"}}