{"0":{"unique_id":"7e17a0c3-7cbd-473d-804b-0751990995dd","ros_timestamp":"1696511866.1494894","T_map_cam":"[[0.99802360,0.00000028,-0.06284017,0.86407901],[0.06284017,-0.00000025,0.99802360,0.86529146],[0.00000027,-1.00000000,-0.00000027,1.50500233],[0.00000000,0.00000000,0.00000000,1.00000000]]","center_3d":"[1.17890739,0.28270665,1.41457689]","nearest_3d":"[1.18938208,0.87060428,1.45596361]","type":"wall-right"},"1":{"unique_id":"fc0ce935-7618-4981-a8ff-6ad578ab4de8","ros_timestamp":"1696511866.1494894","T_map_cam":"[[0.99802360,0.00000028,-0.06284017,0.86407901],[0.06284017,-0.00000025,0.99802360,0.86529146],[0.00000027,-1.00000000,-0.00000027,1.50500233],[0.00000000,0.00000000,0.00000000,1.00000000]]","center_3d":"[0.62511909,-2.92637253,1.50843096]","nearest_3d":"[0.86271799,-2.92450905,1.45560408]","type":"wall-back"},"2":{"unique_id":"3bc98579-3fc8-4cb5-bade-40abb9f2f09d","ros_timestamp":"1696511866.1494894","T_map_cam":"[[0.99802360,0.00000028,-0.06284017,0.86407901],[0.06284017,-0.00000025,0.99802360,0.86529146],[0.00000027,-1.00000000,-0.00000027,1.50500233],[0.00000000,0.00000000,0.00000000,1.00000000]]","center_3d":"[0.19283755,2.93342876,1.31551337]","nearest_3d":"[0.82716537,2.93095207,1.45582676]","type":"wall-front"},"3":{"unique_id":"fe89b210-dcbc-44c4-a137-590312f43743","ros_timestamp":"1696511866.1494894","T_map_cam":"[[0.99802360,0.00000028,-0.06284017,0.86407901],[0.06284017,-0.00000025,0.99802360,0.86529146],[0.00000027,-1.00000000,-0.00000027,1.50500233],[0.00000000,0.00000000,0.00000000,1.00000000]]","center_3d":"[0.00304624,0.73114747,0.70368868]","nearest_3d":"[0.14145416,0.74892080,0.78161848]","type":"obstacle"}}