{"0":{"unique_id":"7e17a0c3-7cbd-473d-804b-0751990995dd","ros_timestamp":"1696511867.6493642","T_map_cam":"[[0.99279552,0.00000030,-0.11982090,0.84538756],[0.11982090,-0.00000023,0.99279552,0.98406211],[0.00000027,-1.00000000,-0.00000027,1.50500239],[0.00000000,0.00000000,0.00000000,1.00000000]]","center_3d":"[1.17890739,0.28270665,1.41457689]","nearest_3d":"[1.18747139,0.96870500,1.45609820]","type":"wall-right"},"1":{"unique_id":"fc0ce935-7618-4981-a8ff-6ad578ab4de8","ros_timestamp":"1696511867.6493642","T_map_cam":"[[0.99279552,0.00000030,-0.11982090,0.84538756],[0.11982090,-0.00000023,0.99279552,0.98406211],[0.00000027,-1.00000000,-0.00000027,1.50500239],[0.00000000,0.00000000,0.00000000,1.00000000]]","center_3d":"[0.62511909,-2.92637253,1.50843096]","nearest_3d":"[0.86271799,-2.92450905,1.45560408]","type":"wall-back"},"2":{"unique_id":"3bc98579-3fc8-4cb5-bade-40abb9f2f09d","ros_timestamp":"1696511867.6493642","T_map_cam":"[[0.99279552,0.00000030,-0.11982090,0.84538756],[0.11982090,-0.00000023,0.99279552,0.98406211],[0.00000027,-1.00000000,-0.00000027,1.50500239],[0.00000000,0.00000000,0.00000000,1.00000000]]","center_3d":"[0.17531057,2.93274975,1.30863309]","nearest_3d":"[0.87705231,2.93409157,1.45562363]","type":"wall-front"},"3":{"unique_id":"fe89b210-dcbc-44c4-a137-590312f43743","ros_timestamp":"1696511867.6493642","T_map_cam":"[[0.99279552,0.00000030,-0.11982090,0.84538756],[0.11982090,-0.00000023,0.99279552,0.98406211],[0.00000027,-1.00000000,-0.00000027,1.50500239],[0.00000000,0.00000000,0.00000000,1.00000000]]","center_3d":"[0.00304624,0.73114747,0.70368868]","nearest_3d":"[0.14145416,0.74892080,0.78161848]","type":"obstacle"}}