{"0":{"unique_id":"7e17a0c3-7cbd-473d-804b-0751990995dd","ros_timestamp":"1696511870.849351","T_map_cam":"[[0.96276283,0.00000033,-0.27034742,0.77589850],[0.27034742,-0.00000019,0.96276283,1.22996917],[0.00000027,-1.00000000,-0.00000027,1.50500249],[0.00000000,0.00000000,0.00000000,1.00000000]]","center_3d":"[1.17890739,0.28270665,1.41457689]","nearest_3d":"[1.16324949,1.23059404,1.45711553]","type":"wall-right"},"1":{"unique_id":"fc0ce935-7618-4981-a8ff-6ad578ab4de8","ros_timestamp":"1696511870.849351","T_map_cam":"[[0.96276283,0.00000033,-0.27034742,0.77589850],[0.27034742,-0.00000019,0.96276283,1.22996917],[0.00000027,-1.00000000,-0.00000027,1.50500249],[0.00000000,0.00000000,0.00000000,1.00000000]]","center_3d":"[0.62511909,-2.92637253,1.50843096]","nearest_3d":"[0.86271799,-2.92450905,1.45560408]","type":"wall-back"},"2":{"unique_id":"3bc98579-3fc8-4cb5-bade-40abb9f2f09d","ros_timestamp":"1696511870.849351","T_map_cam":"[[0.96276283,0.00000033,-0.27034742,0.77589850],[0.27034742,-0.00000019,0.96276283,1.22996917],[0.00000027,-1.00000000,-0.00000027,1.50500249],[0.00000000,0.00000000,0.00000000,1.00000000]]","center_3d":"[0.15820096,2.92991805,1.32354355]","nearest_3d":"[0.77440834,2.93056536,1.45581281]","type":"wall-front"},"3":{"unique_id":"fe89b210-dcbc-44c4-a137-590312f43743","ros_timestamp":"1696511870.849351","T_map_cam":"[[0.96276283,0.00000033,-0.27034742,0.77589850],[0.27034742,-0.00000019,0.96276283,1.22996917],[0.00000027,-1.00000000,-0.00000027,1.50500249],[0.00000000,0.00000000,0.00000000,1.00000000]]","center_3d":"[0.00304624,0.73114747,0.70368868]","nearest_3d":"[0.08326067,0.79143250,0.81936532]","type":"obstacle"}}