{"0":{"unique_id":"7e17a0c3-7cbd-473d-804b-0751990995dd","ros_timestamp":"1696511872.6493535","T_map_cam":"[[0.92875889,0.00000035,-0.37068440,0.71426806],[0.37068440,-0.00000015,0.92875889,1.36738033],[0.00000027,-1.00000000,-0.00000027,1.50500251],[0.00000000,0.00000000,0.00000000,1.00000000]]","center_3d":"[1.17365479,0.28262201,1.41457069]","nearest_3d":"[1.16324949,1.23059404,1.45711553]","type":"wall-right"},"1":{"unique_id":"fc0ce935-7618-4981-a8ff-6ad578ab4de8","ros_timestamp":"1696511872.6493535","T_map_cam":"[[0.92875889,0.00000035,-0.37068440,0.71426806],[0.37068440,-0.00000015,0.92875889,1.36738033],[0.00000027,-1.00000000,-0.00000027,1.50500251],[0.00000000,0.00000000,0.00000000,1.00000000]]","center_3d":"[0.62511909,-2.92637253,1.50843096]","nearest_3d":"[0.86271799,-2.92450905,1.45560408]","type":"wall-back"},"2":{"unique_id":"3bc98579-3fc8-4cb5-bade-40abb9f2f09d","ros_timestamp":"1696511872.6493535","T_map_cam":"[[0.92875889,0.00000035,-0.37068440,0.71426806],[0.37068440,-0.00000015,0.92875889,1.36738033],[0.00000027,-1.00000000,-0.00000027,1.50500251],[0.00000000,0.00000000,0.00000000,1.00000000]]","center_3d":"[0.01970383,2.92881632,1.33708572]","nearest_3d":"[0.65966678,2.92823911,1.45570743]","type":"wall-front"},"3":{"unique_id":"fe89b210-dcbc-44c4-a137-590312f43743","ros_timestamp":"1696511872.6493535","T_map_cam":"[[0.92875889,0.00000035,-0.37068440,0.71426806],[0.37068440,-0.00000015,0.92875889,1.36738033],[0.00000027,-1.00000000,-0.00000027,1.50500251],[0.00000000,0.00000000,0.00000000,1.00000000]]","center_3d":"[0.00304624,0.73114747,0.70368868]","nearest_3d":"[0.08326067,0.79143250,0.81936532]","type":"obstacle"}}