{"0":{"unique_id":"7e17a0c3-7cbd-473d-804b-0751990995dd","ros_timestamp":"1696511874.265644","T_map_cam":"[[0.88234500,0.00000036,-0.47060313,0.64380220],[0.47060313,-0.00000011,0.88234500,1.48342292],[0.00000027,-1.00000000,-0.00000027,1.50500250],[0.00000000,0.00000000,0.00000000,1.00000000]]","center_3d":"[1.17365479,0.28262201,1.41457069]","nearest_3d":"[1.16324949,1.23059404,1.45711553]","type":"wall-right"},"1":{"unique_id":"fc0ce935-7618-4981-a8ff-6ad578ab4de8","ros_timestamp":"1696511874.265644","T_map_cam":"[[0.88234500,0.00000036,-0.47060313,0.64380220],[0.47060313,-0.00000011,0.88234500,1.48342292],[0.00000027,-1.00000000,-0.00000027,1.50500250],[0.00000000,0.00000000,0.00000000,1.00000000]]","center_3d":"[0.62511909,-2.92637253,1.50843096]","nearest_3d":"[0.86271799,-2.92450905,1.45560408]","type":"wall-back"},"2":{"unique_id":"3bc98579-3fc8-4cb5-bade-40abb9f2f09d","ros_timestamp":"1696511874.265644","T_map_cam":"[[0.88234500,0.00000036,-0.47060313,0.64380220],[0.47060313,-0.00000011,0.88234500,1.48342292],[0.00000027,-1.00000000,-0.00000027,1.50500250],[0.00000000,0.00000000,0.00000000,1.00000000]]","center_3d":"[-0.02871988,2.92933702,1.34096909]","nearest_3d":"[0.63832408,2.92918086,1.45561886]","type":"wall-front"},"3":{"unique_id":"fe89b210-dcbc-44c4-a137-590312f43743","ros_timestamp":"1696511874.265644","T_map_cam":"[[0.88234500,0.00000036,-0.47060313,0.64380220],[0.47060313,-0.00000011,0.88234500,1.48342292],[0.00000027,-1.00000000,-0.00000027,1.50500250],[0.00000000,0.00000000,0.00000000,1.00000000]]","center_3d":"[0.00304624,0.73114747,0.70368868]","nearest_3d":"[0.08326067,0.79143250,0.81936520]","type":"obstacle"}}