{"0":{"unique_id":"7e17a0c3-7cbd-473d-804b-0751990995dd","ros_timestamp":"1696511875.0493512","T_map_cam":"[[0.85532313,0.00000037,-0.51809491,0.60771031],[0.51809491,-0.00000009,0.85532313,1.53190860],[0.00000027,-1.00000000,-0.00000027,1.50500249],[0.00000000,0.00000000,0.00000000,1.00000000]]","center_3d":"[1.17571580,0.23466645,1.40851712]","nearest_3d":"[1.16324949,1.23059404,1.45711553]","type":"wall-right"},"1":{"unique_id":"fc0ce935-7618-4981-a8ff-6ad578ab4de8","ros_timestamp":"1696511875.0493512","T_map_cam":"[[0.85532313,0.00000037,-0.51809491,0.60771031],[0.51809491,-0.00000009,0.85532313,1.53190860],[0.00000027,-1.00000000,-0.00000027,1.50500249],[0.00000000,0.00000000,0.00000000,1.00000000]]","center_3d":"[0.62511909,-2.92637253,1.50843096]","nearest_3d":"[0.86271799,-2.92450905,1.45560408]","type":"wall-back"},"2":{"unique_id":"3bc98579-3fc8-4cb5-bade-40abb9f2f09d","ros_timestamp":"1696511875.0493512","T_map_cam":"[[0.85532313,0.00000037,-0.51809491,0.60771031],[0.51809491,-0.00000009,0.85532313,1.53190860],[0.00000027,-1.00000000,-0.00000027,1.50500249],[0.00000000,0.00000000,0.00000000,1.00000000]]","center_3d":"[-0.03201868,2.92827702,1.34091461]","nearest_3d":"[0.61277390,2.92958093,1.45549369]","type":"wall-front"},"3":{"unique_id":"fe89b210-dcbc-44c4-a137-590312f43743","ros_timestamp":"1696511875.0493512","T_map_cam":"[[0.85532313,0.00000037,-0.51809491,0.60771031],[0.51809491,-0.00000009,0.85532313,1.53190860],[0.00000027,-1.00000000,-0.00000027,1.50500249],[0.00000000,0.00000000,0.00000000,1.00000000]]","center_3d":"[0.00304624,0.73114747,0.70368868]","nearest_3d":"[0.08326067,0.79143250,0.81936520]","type":"obstacle"}}