{"0":{"unique_id":"7e17a0c3-7cbd-473d-804b-0751990995dd","ros_timestamp":"1696511876.1494215","T_map_cam":"[[0.81217380,0.00000037,-0.58341556,0.54931160],[0.58341556,-0.00000006,0.81217380,1.60116077],[0.00000027,-1.00000000,-0.00000027,1.50500246],[0.00000000,0.00000000,0.00000000,1.00000000]]","center_3d":"[1.17365479,0.28262201,1.41457069]","nearest_3d":"[1.16324949,1.23059404,1.45711553]","type":"wall-right"},"1":{"unique_id":"fc0ce935-7618-4981-a8ff-6ad578ab4de8","ros_timestamp":"1696511876.1494215","T_map_cam":"[[0.81217380,0.00000037,-0.58341556,0.54931160],[0.58341556,-0.00000006,0.81217380,1.60116077],[0.00000027,-1.00000000,-0.00000027,1.50500246],[0.00000000,0.00000000,0.00000000,1.00000000]]","center_3d":"[0.62511909,-2.92637253,1.50843096]","nearest_3d":"[0.86271799,-2.92450905,1.45560408]","type":"wall-back"},"2":{"unique_id":"3bc98579-3fc8-4cb5-bade-40abb9f2f09d","ros_timestamp":"1696511876.1494215","T_map_cam":"[[0.81217380,0.00000037,-0.58341556,0.54931160],[0.58341556,-0.00000006,0.81217380,1.60116077],[0.00000027,-1.00000000,-0.00000027,1.50500246],[0.00000000,0.00000000,0.00000000,1.00000000]]","center_3d":"[-0.03253593,2.92769194,1.34095287]","nearest_3d":"[0.51442438,2.92777443,1.45543122]","type":"wall-front"},"3":{"unique_id":"fe89b210-dcbc-44c4-a137-590312f43743","ros_timestamp":"1696511876.1494215","T_map_cam":"[[0.81217380,0.00000037,-0.58341556,0.54931160],[0.58341556,-0.00000006,0.81217380,1.60116077],[0.00000027,-1.00000000,-0.00000027,1.50500246],[0.00000000,0.00000000,0.00000000,1.00000000]]","center_3d":"[-1.33922076,2.70485783,1.46356750]","nearest_3d":"[-1.32500088,2.49470282,1.55595601]","type":"obstacle"},"4":{"unique_id":"251cf673-6ba8-4b24-9229-81a31e5397eb","ros_timestamp":"1696511876.1494215","T_map_cam":"[[0.81217380,0.00000037,-0.58341556,0.54931160],[0.58341556,-0.00000006,0.81217380,1.60116077],[0.00000027,-1.00000000,-0.00000027,1.50500246],[0.00000000,0.00000000,0.00000000,1.00000000]]","center_3d":"[0.00304624,0.73114747,0.70368868]","nearest_3d":"[0.08326067,0.79143250,0.81936520]","type":"obstacle"}}