{"0":{"unique_id":"7e17a0c3-7cbd-473d-804b-0751990995dd","ros_timestamp":"1696511876.4493635","T_map_cam":"[[0.79394210,0.00000038,-0.60799337,0.52814437],[0.60799337,-0.00000005,0.79394210,1.62280900],[0.00000027,-1.00000000,-0.00000027,1.50500245],[0.00000000,0.00000000,0.00000000,1.00000000]]","center_3d":"[1.17890739,0.28270665,1.41457689]","nearest_3d":"[1.16324949,1.23059404,1.45711553]","type":"wall-right"},"1":{"unique_id":"fc0ce935-7618-4981-a8ff-6ad578ab4de8","ros_timestamp":"1696511876.4493635","T_map_cam":"[[0.79394210,0.00000038,-0.60799337,0.52814437],[0.60799337,-0.00000005,0.79394210,1.62280900],[0.00000027,-1.00000000,-0.00000027,1.50500245],[0.00000000,0.00000000,0.00000000,1.00000000]]","center_3d":"[0.62511909,-2.92637253,1.50843096]","nearest_3d":"[0.86271799,-2.92450905,1.45560408]","type":"wall-back"},"2":{"unique_id":"3bc98579-3fc8-4cb5-bade-40abb9f2f09d","ros_timestamp":"1696511876.4493635","T_map_cam":"[[0.79394210,0.00000038,-0.60799337,0.52814437],[0.60799337,-0.00000005,0.79394210,1.62280900],[0.00000027,-1.00000000,-0.00000027,1.50500245],[0.00000000,0.00000000,0.00000000,1.00000000]]","center_3d":"[-0.03532640,2.92863345,1.33959806]","nearest_3d":"[0.51442438,2.92777443,1.45543122]","type":"wall-front"},"3":{"unique_id":"fe89b210-dcbc-44c4-a137-590312f43743","ros_timestamp":"1696511876.4493635","T_map_cam":"[[0.79394210,0.00000038,-0.60799337,0.52814437],[0.60799337,-0.00000005,0.79394210,1.62280900],[0.00000027,-1.00000000,-0.00000027,1.50500245],[0.00000000,0.00000000,0.00000000,1.00000000]]","center_3d":"[-1.33744311,2.71846724,1.46416581]","nearest_3d":"[-1.33207428,2.49892521,1.55578232]","type":"obstacle"},"4":{"unique_id":"251cf673-6ba8-4b24-9229-81a31e5397eb","ros_timestamp":"1696511876.4493635","T_map_cam":"[[0.79394210,0.00000038,-0.60799337,0.52814437],[0.60799337,-0.00000005,0.79394210,1.62280900],[0.00000027,-1.00000000,-0.00000027,1.50500245],[0.00000000,0.00000000,0.00000000,1.00000000]]","center_3d":"[0.00304624,0.73114747,0.70368868]","nearest_3d":"[0.08326067,0.79143250,0.81936532]","type":"obstacle"}}