{"0":{"unique_id":"7e17a0c3-7cbd-473d-804b-0751990995dd","ros_timestamp":"1696511876.6494362","T_map_cam":"[[0.78827288,0.00000038,-0.61532582,0.51797757],[0.61532582,-0.00000005,0.78827288,1.63390785],[0.00000027,-1.00000000,-0.00000027,1.50500244],[0.00000000,0.00000000,0.00000000,1.00000000]]","center_3d":"[1.17890739,0.28270665,1.41457689]","nearest_3d":"[1.16324949,1.23059404,1.45711553]","type":"wall-right"},"1":{"unique_id":"fc0ce935-7618-4981-a8ff-6ad578ab4de8","ros_timestamp":"1696511876.6494362","T_map_cam":"[[0.78827288,0.00000038,-0.61532582,0.51797757],[0.61532582,-0.00000005,0.78827288,1.63390785],[0.00000027,-1.00000000,-0.00000027,1.50500244],[0.00000000,0.00000000,0.00000000,1.00000000]]","center_3d":"[0.62511909,-2.92637253,1.50843096]","nearest_3d":"[0.86271799,-2.92450905,1.45560408]","type":"wall-back"},"2":{"unique_id":"3bc98579-3fc8-4cb5-bade-40abb9f2f09d","ros_timestamp":"1696511876.6494362","T_map_cam":"[[0.78827288,0.00000038,-0.61532582,0.51797757],[0.61532582,-0.00000005,0.78827288,1.63390785],[0.00000027,-1.00000000,-0.00000027,1.50500244],[0.00000000,0.00000000,0.00000000,1.00000000]]","center_3d":"[-0.07470725,2.92622757,1.34572196]","nearest_3d":"[0.51442438,2.92777443,1.45543122]","type":"wall-front"},"3":{"unique_id":"fe89b210-dcbc-44c4-a137-590312f43743","ros_timestamp":"1696511876.6494362","T_map_cam":"[[0.78827288,0.00000038,-0.61532582,0.51797757],[0.61532582,-0.00000005,0.78827288,1.63390785],[0.00000027,-1.00000000,-0.00000027,1.50500244],[0.00000000,0.00000000,0.00000000,1.00000000]]","center_3d":"[-1.33757055,2.66943884,1.45728779]","nearest_3d":"[-1.32501101,2.39545703,1.55523551]","type":"obstacle"},"4":{"unique_id":"251cf673-6ba8-4b24-9229-81a31e5397eb","ros_timestamp":"1696511876.6494362","T_map_cam":"[[0.78827288,0.00000038,-0.61532582,0.51797757],[0.61532582,-0.00000005,0.78827288,1.63390785],[0.00000027,-1.00000000,-0.00000027,1.50500244],[0.00000000,0.00000000,0.00000000,1.00000000]]","center_3d":"[0.00304624,0.73114747,0.70368868]","nearest_3d":"[0.08326067,0.79143250,0.81936520]","type":"obstacle"}}