{"0":{"unique_id":"7e17a0c3-7cbd-473d-804b-0751990995dd","ros_timestamp":"1696511877.0494182","T_map_cam":"[[0.76892227,0.00000038,-0.63934228,0.49590204],[0.63934228,-0.00000003,0.76892227,1.65464406],[0.00000027,-1.00000000,-0.00000027,1.50500243],[0.00000000,0.00000000,0.00000000,1.00000000]]","center_3d":"[1.17365479,0.28262201,1.41457069]","nearest_3d":"[1.16324949,1.23059404,1.45711553]","type":"wall-right"},"1":{"unique_id":"fc0ce935-7618-4981-a8ff-6ad578ab4de8","ros_timestamp":"1696511877.0494182","T_map_cam":"[[0.76892227,0.00000038,-0.63934228,0.49590204],[0.63934228,-0.00000003,0.76892227,1.65464406],[0.00000027,-1.00000000,-0.00000027,1.50500243],[0.00000000,0.00000000,0.00000000,1.00000000]]","center_3d":"[0.62511909,-2.92637253,1.50843096]","nearest_3d":"[0.48204818,-2.92618275,1.45542765]","type":"wall-back"},"2":{"unique_id":"3bc98579-3fc8-4cb5-bade-40abb9f2f09d","ros_timestamp":"1696511877.0494182","T_map_cam":"[[0.76892227,0.00000038,-0.63934228,0.49590204],[0.63934228,-0.00000003,0.76892227,1.65464406],[0.00000027,-1.00000000,-0.00000027,1.50500243],[0.00000000,0.00000000,0.00000000,1.00000000]]","center_3d":"[-0.03629283,2.92824841,1.33951616]","nearest_3d":"[0.51442438,2.92777443,1.45543122]","type":"wall-front"},"3":{"unique_id":"fe89b210-dcbc-44c4-a137-590312f43743","ros_timestamp":"1696511877.0494182","T_map_cam":"[[0.76892227,0.00000038,-0.63934228,0.49590204],[0.63934228,-0.00000003,0.76892227,1.65464406],[0.00000027,-1.00000000,-0.00000027,1.50500243],[0.00000000,0.00000000,0.00000000,1.00000000]]","center_3d":"[-1.33820999,2.67090702,1.45688105]","nearest_3d":"[-1.33350039,2.39244986,1.55523551]","type":"obstacle"},"4":{"unique_id":"251cf673-6ba8-4b24-9229-81a31e5397eb","ros_timestamp":"1696511877.0494182","T_map_cam":"[[0.76892227,0.00000038,-0.63934228,0.49590204],[0.63934228,-0.00000003,0.76892227,1.65464406],[0.00000027,-1.00000000,-0.00000027,1.50500243],[0.00000000,0.00000000,0.00000000,1.00000000]]","center_3d":"[0.00304624,0.73114747,0.70368868]","nearest_3d":"[0.08326068,0.79143250,0.81936532]","type":"obstacle"}}