{"0":{"unique_id":"7e17a0c3-7cbd-473d-804b-0751990995dd","ros_timestamp":"1696511877.7650182","T_map_cam":"[[0.73616963,0.00000038,-0.67679707,0.45130847],[0.67679707,-0.00000002,0.73616963,1.69534082],[0.00000027,-1.00000000,-0.00000027,1.50500239],[0.00000000,0.00000000,0.00000000,1.00000000]]","center_3d":"[1.17380583,0.18804346,1.41724360]","nearest_3d":"[1.16324949,1.23059404,1.45711553]","type":"wall-right"},"1":{"unique_id":"fc0ce935-7618-4981-a8ff-6ad578ab4de8","ros_timestamp":"1696511877.7650182","T_map_cam":"[[0.73616963,0.00000038,-0.67679707,0.45130847],[0.67679707,-0.00000002,0.73616963,1.69534082],[0.00000027,-1.00000000,-0.00000027,1.50500239],[0.00000000,0.00000000,0.00000000,1.00000000]]","center_3d":"[0.58845240,-2.92655635,1.50864661]","nearest_3d":"[0.48204818,-2.92618275,1.45542765]","type":"wall-back"},"2":{"unique_id":"3bc98579-3fc8-4cb5-bade-40abb9f2f09d","ros_timestamp":"1696511877.7650182","T_map_cam":"[[0.73616963,0.00000038,-0.67679707,0.45130847],[0.67679707,-0.00000002,0.73616963,1.69534082],[0.00000027,-1.00000000,-0.00000027,1.50500239],[0.00000000,0.00000000,0.00000000,1.00000000]]","center_3d":"[-0.03644134,2.92880583,1.33959293]","nearest_3d":"[0.41333443,2.92843437,1.45551133]","type":"wall-front"},"3":{"unique_id":"fe89b210-dcbc-44c4-a137-590312f43743","ros_timestamp":"1696511877.7650182","T_map_cam":"[[0.73616963,0.00000038,-0.67679707,0.45130847],[0.67679707,-0.00000002,0.73616963,1.69534082],[0.00000027,-1.00000000,-0.00000027,1.50500239],[0.00000000,0.00000000,0.00000000,1.00000000]]","center_3d":"[-1.33812106,2.65281105,1.45799446]","nearest_3d":"[-1.33164287,2.31715059,1.55570686]","type":"obstacle"},"4":{"unique_id":"251cf673-6ba8-4b24-9229-81a31e5397eb","ros_timestamp":"1696511877.7650182","T_map_cam":"[[0.73616963,0.00000038,-0.67679707,0.45130847],[0.67679707,-0.00000002,0.73616963,1.69534082],[0.00000027,-1.00000000,-0.00000027,1.50500239],[0.00000000,0.00000000,0.00000000,1.00000000]]","center_3d":"[0.00304624,0.73114747,0.70368868]","nearest_3d":"[0.08326068,0.79143250,0.81936532]","type":"obstacle"}}