{"0":{"unique_id":"7e17a0c3-7cbd-473d-804b-0751990995dd","ros_timestamp":"1696511878.1493156","T_map_cam":"[[0.71509330,0.00000038,-0.69902902,0.42759620],[0.69902902,-0.00000000,0.71509330,1.71419555],[0.00000027,-1.00000000,-0.00000027,1.50500237],[0.00000000,0.00000000,0.00000000,1.00000000]]","center_3d":"[1.17365479,0.28262201,1.41457069]","nearest_3d":"[1.16324949,1.23059404,1.45711553]","type":"wall-right"},"1":{"unique_id":"fc0ce935-7618-4981-a8ff-6ad578ab4de8","ros_timestamp":"1696511878.1493156","T_map_cam":"[[0.71509330,0.00000038,-0.69902902,0.42759620],[0.69902902,-0.00000000,0.71509330,1.71419555],[0.00000027,-1.00000000,-0.00000027,1.50500237],[0.00000000,0.00000000,0.00000000,1.00000000]]","center_3d":"[0.62511909,-2.92637253,1.50843096]","nearest_3d":"[0.48204818,-2.92618275,1.45542765]","type":"wall-back"},"2":{"unique_id":"3bc98579-3fc8-4cb5-bade-40abb9f2f09d","ros_timestamp":"1696511878.1493156","T_map_cam":"[[0.71509330,0.00000038,-0.69902902,0.42759620],[0.69902902,-0.00000000,0.71509330,1.71419555],[0.00000027,-1.00000000,-0.00000027,1.50500237],[0.00000000,0.00000000,0.00000000,1.00000000]]","center_3d":"[-0.03811986,2.92815351,1.33954668]","nearest_3d":"[0.41333443,2.92843437,1.45551133]","type":"wall-front"},"3":{"unique_id":"fe89b210-dcbc-44c4-a137-590312f43743","ros_timestamp":"1696511878.1493156","T_map_cam":"[[0.71509330,0.00000038,-0.69902902,0.42759620],[0.69902902,-0.00000000,0.71509330,1.71419555],[0.00000027,-1.00000000,-0.00000027,1.50500237],[0.00000000,0.00000000,0.00000000,1.00000000]]","center_3d":"[-1.33809161,2.60199809,1.45190275]","nearest_3d":"[-1.32975876,2.24087906,1.55560076]","type":"obstacle"},"4":{"unique_id":"251cf673-6ba8-4b24-9229-81a31e5397eb","ros_timestamp":"1696511878.1493156","T_map_cam":"[[0.71509330,0.00000038,-0.69902902,0.42759620],[0.69902902,-0.00000000,0.71509330,1.71419555],[0.00000027,-1.00000000,-0.00000027,1.50500237],[0.00000000,0.00000000,0.00000000,1.00000000]]","center_3d":"[0.00304624,0.73114747,0.70368868]","nearest_3d":"[0.08326067,0.79143250,0.81936520]","type":"obstacle"}}