{"0":{"unique_id":"7e17a0c3-7cbd-473d-804b-0751990995dd","ros_timestamp":"1696511878.4493353","T_map_cam":"[[0.69330581,0.00000038,-0.72064350,0.40340591],[0.72064350,0.00000001,0.69330581,1.73240494],[0.00000027,-1.00000000,-0.00000027,1.50500235],[0.00000000,0.00000000,0.00000000,1.00000000]]","center_3d":"[1.17365479,0.28262201,1.41457069]","nearest_3d":"[1.16324949,1.23059404,1.45711553]","type":"wall-right"},"1":{"unique_id":"fc0ce935-7618-4981-a8ff-6ad578ab4de8","ros_timestamp":"1696511878.4493353","T_map_cam":"[[0.69330581,0.00000038,-0.72064350,0.40340591],[0.72064350,0.00000001,0.69330581,1.73240494],[0.00000027,-1.00000000,-0.00000027,1.50500235],[0.00000000,0.00000000,0.00000000,1.00000000]]","center_3d":"[0.62511909,-2.92637253,1.50843096]","nearest_3d":"[0.39242601,-2.92639542,1.45541048]","type":"wall-back"},"2":{"unique_id":"3bc98579-3fc8-4cb5-bade-40abb9f2f09d","ros_timestamp":"1696511878.4493353","T_map_cam":"[[0.69330581,0.00000038,-0.72064350,0.40340591],[0.72064350,0.00000001,0.69330581,1.73240494],[0.00000027,-1.00000000,-0.00000027,1.50500235],[0.00000000,0.00000000,0.00000000,1.00000000]]","center_3d":"[-0.03939774,2.92865515,1.33953309]","nearest_3d":"[0.41333443,2.92843437,1.45551133]","type":"wall-front"},"3":{"unique_id":"fe89b210-dcbc-44c4-a137-590312f43743","ros_timestamp":"1696511878.4493353","T_map_cam":"[[0.69330581,0.00000038,-0.72064350,0.40340591],[0.72064350,0.00000001,0.69330581,1.73240494],[0.00000027,-1.00000000,-0.00000027,1.50500235],[0.00000000,0.00000000,0.00000000,1.00000000]]","center_3d":"[-1.34001517,2.61083746,1.45199966]","nearest_3d":"[-1.33436322,2.24075937,1.55568981]","type":"obstacle"},"4":{"unique_id":"251cf673-6ba8-4b24-9229-81a31e5397eb","ros_timestamp":"1696511878.4493353","T_map_cam":"[[0.69330581,0.00000038,-0.72064350,0.40340591],[0.72064350,0.00000001,0.69330581,1.73240494],[0.00000027,-1.00000000,-0.00000027,1.50500235],[0.00000000,0.00000000,0.00000000,1.00000000]]","center_3d":"[0.00304624,0.73114747,0.70368868]","nearest_3d":"[0.08326067,0.79143250,0.81936520]","type":"obstacle"}}