{"0":{"unique_id":"7e17a0c3-7cbd-473d-804b-0751990995dd","ros_timestamp":"1696511878.7494469","T_map_cam":"[[0.68664902,0.00000038,-0.72698908,0.39169041],[0.72698908,0.00000001,0.68664902,1.74185325],[0.00000027,-1.00000000,-0.00000027,1.50500234],[0.00000000,0.00000000,0.00000000,1.00000000]]","center_3d":"[1.17890739,0.28270665,1.41457689]","nearest_3d":"[1.16324949,1.23059404,1.45711553]","type":"wall-right"},"1":{"unique_id":"fc0ce935-7618-4981-a8ff-6ad578ab4de8","ros_timestamp":"1696511878.7494469","T_map_cam":"[[0.68664902,0.00000038,-0.72698908,0.39169041],[0.72698908,0.00000001,0.68664902,1.74185325],[0.00000027,-1.00000000,-0.00000027,1.50500234],[0.00000000,0.00000000,0.00000000,1.00000000]]","center_3d":"[0.61438501,-2.92654610,1.50841808]","nearest_3d":"[0.39242601,-2.92639542,1.45541048]","type":"wall-back"},"2":{"unique_id":"3bc98579-3fc8-4cb5-bade-40abb9f2f09d","ros_timestamp":"1696511878.7494469","T_map_cam":"[[0.68664902,0.00000038,-0.72698908,0.39169041],[0.72698908,0.00000001,0.68664902,1.74185325],[0.00000027,-1.00000000,-0.00000027,1.50500234],[0.00000000,0.00000000,0.00000000,1.00000000]]","center_3d":"[-0.03901213,2.92764544,1.33961010]","nearest_3d":"[0.41333443,2.92843437,1.45551133]","type":"wall-front"},"3":{"unique_id":"fe89b210-dcbc-44c4-a137-590312f43743","ros_timestamp":"1696511878.7494469","T_map_cam":"[[0.68664902,0.00000038,-0.72698908,0.39169041],[0.72698908,0.00000001,0.68664902,1.74185325],[0.00000027,-1.00000000,-0.00000027,1.50500234],[0.00000000,0.00000000,0.00000000,1.00000000]]","center_3d":"[-1.34119833,2.60989666,1.46482050]","nearest_3d":"[-1.33983362,2.21359444,1.55573380]","type":"obstacle"},"4":{"unique_id":"251cf673-6ba8-4b24-9229-81a31e5397eb","ros_timestamp":"1696511878.7494469","T_map_cam":"[[0.68664902,0.00000038,-0.72698908,0.39169041],[0.72698908,0.00000001,0.68664902,1.74185325],[0.00000027,-1.00000000,-0.00000027,1.50500234],[0.00000000,0.00000000,0.00000000,1.00000000]]","center_3d":"[0.00304624,0.73114747,0.70368868]","nearest_3d":"[0.08326067,0.79143250,0.81936532]","type":"obstacle"}}