{"0":{"unique_id":"7e17a0c3-7cbd-473d-804b-0751990995dd","ros_timestamp":"1696511879.1611273","T_map_cam":"[[0.65742357,0.00000038,-0.75352123,0.35472418],[0.75352123,0.00000003,0.65742357,1.76807469],[0.00000027,-1.00000000,-0.00000027,1.50500230],[0.00000000,0.00000000,0.00000000,1.00000000]]","center_3d":"[1.17890739,0.28270665,1.41457689]","nearest_3d":"[1.16324949,1.23059404,1.45711553]","type":"wall-right"},"1":{"unique_id":"fc0ce935-7618-4981-a8ff-6ad578ab4de8","ros_timestamp":"1696511879.1611273","T_map_cam":"[[0.65742357,0.00000038,-0.75352123,0.35472418],[0.75352123,0.00000003,0.65742357,1.76807469],[0.00000027,-1.00000000,-0.00000027,1.50500230],[0.00000000,0.00000000,0.00000000,1.00000000]]","center_3d":"[0.61438501,-2.92654610,1.50841808]","nearest_3d":"[0.39242601,-2.92639542,1.45541048]","type":"wall-back"},"2":{"unique_id":"3bc98579-3fc8-4cb5-bade-40abb9f2f09d","ros_timestamp":"1696511879.1611273","T_map_cam":"[[0.65742357,0.00000038,-0.75352123,0.35472418],[0.75352123,0.00000003,0.65742357,1.76807469],[0.00000027,-1.00000000,-0.00000027,1.50500230],[0.00000000,0.00000000,0.00000000,1.00000000]]","center_3d":"[-0.03735987,2.92749500,1.33860183]","nearest_3d":"[0.41333443,2.92843437,1.45551133]","type":"wall-front"},"3":{"unique_id":"fe89b210-dcbc-44c4-a137-590312f43743","ros_timestamp":"1696511879.1611273","T_map_cam":"[[0.65742357,0.00000038,-0.75352123,0.35472418],[0.75352123,0.00000003,0.65742357,1.76807469],[0.00000027,-1.00000000,-0.00000027,1.50500230],[0.00000000,0.00000000,0.00000000,1.00000000]]","center_3d":"[-1.34236586,2.60668468,1.46434784]","nearest_3d":"[-1.33626890,2.19214916,1.55568647]","type":"obstacle"},"4":{"unique_id":"251cf673-6ba8-4b24-9229-81a31e5397eb","ros_timestamp":"1696511879.1611273","T_map_cam":"[[0.65742357,0.00000038,-0.75352123,0.35472418],[0.75352123,0.00000003,0.65742357,1.76807469],[0.00000027,-1.00000000,-0.00000027,1.50500230],[0.00000000,0.00000000,0.00000000,1.00000000]]","center_3d":"[0.00304624,0.73114747,0.70368868]","nearest_3d":"[0.08326067,0.79143250,0.81936520]","type":"obstacle"}}