{"0":{"unique_id":"7e17a0c3-7cbd-473d-804b-0751990995dd","ros_timestamp":"1696511879.960553","T_map_cam":"[[0.61126219,0.00000038,-0.79142816,0.30325162],[0.79142816,0.00000005,0.61126219,1.79992302],[0.00000027,-1.00000000,-0.00000027,1.50500225],[0.00000000,0.00000000,0.00000000,1.00000000]]","center_3d":"[1.17365479,0.28262201,1.41457069]","nearest_3d":"[1.16324949,1.23059404,1.45711553]","type":"wall-right"},"1":{"unique_id":"fc0ce935-7618-4981-a8ff-6ad578ab4de8","ros_timestamp":"1696511879.960553","T_map_cam":"[[0.61126219,0.00000038,-0.79142816,0.30325162],[0.79142816,0.00000005,0.61126219,1.79992302],[0.00000027,-1.00000000,-0.00000027,1.50500225],[0.00000000,0.00000000,0.00000000,1.00000000]]","center_3d":"[0.62511909,-2.92637253,1.50843096]","nearest_3d":"[0.28314799,-2.92636871,1.45542169]","type":"wall-back"},"2":{"unique_id":"3bc98579-3fc8-4cb5-bade-40abb9f2f09d","ros_timestamp":"1696511879.960553","T_map_cam":"[[0.61126219,0.00000038,-0.79142816,0.30325162],[0.79142816,0.00000005,0.61126219,1.79992302],[0.00000027,-1.00000000,-0.00000027,1.50500225],[0.00000000,0.00000000,0.00000000,1.00000000]]","center_3d":"[-0.04028439,2.92905331,1.33955073]","nearest_3d":"[0.30858228,2.92883515,1.45553958]","type":"wall-front"},"3":{"unique_id":"fe89b210-dcbc-44c4-a137-590312f43743","ros_timestamp":"1696511879.960553","T_map_cam":"[[0.61126219,0.00000038,-0.79142816,0.30325162],[0.79142816,0.00000005,0.61126219,1.79992302],[0.00000027,-1.00000000,-0.00000027,1.50500225],[0.00000000,0.00000000,0.00000000,1.00000000]]","center_3d":"[-1.34067130,2.55531216,1.46629393]","nearest_3d":"[-1.33323085,2.08209467,1.55562472]","type":"obstacle"},"4":{"unique_id":"251cf673-6ba8-4b24-9229-81a31e5397eb","ros_timestamp":"1696511879.960553","T_map_cam":"[[0.61126219,0.00000038,-0.79142816,0.30325162],[0.79142816,0.00000005,0.61126219,1.79992302],[0.00000027,-1.00000000,-0.00000027,1.50500225],[0.00000000,0.00000000,0.00000000,1.00000000]]","center_3d":"[0.00304624,0.73114747,0.70368868]","nearest_3d":"[0.08326067,0.79143250,0.81936538]","type":"obstacle"}}