{"0":{"unique_id":"7e17a0c3-7cbd-473d-804b-0751990995dd","ros_timestamp":"1696511880.4657364","T_map_cam":"[[0.57855677,0.00000037,-0.81564212,0.26390051],[0.81564212,0.00000006,0.57855677,1.82238933],[0.00000027,-1.00000000,-0.00000027,1.50500220],[0.00000000,0.00000000,0.00000000,1.00000000]]","center_3d":"[1.17878592,0.28083503,1.41798794]","nearest_3d":"[1.16324949,1.23059404,1.45711553]","type":"wall-right"},"1":{"unique_id":"fc0ce935-7618-4981-a8ff-6ad578ab4de8","ros_timestamp":"1696511880.4657364","T_map_cam":"[[0.57855677,0.00000037,-0.81564212,0.26390051],[0.81564212,0.00000006,0.57855677,1.82238933],[0.00000027,-1.00000000,-0.00000027,1.50500220],[0.00000000,0.00000000,0.00000000,1.00000000]]","center_3d":"[0.61438501,-2.92654610,1.50841808]","nearest_3d":"[0.28314799,-2.92636871,1.45542169]","type":"wall-back"},"2":{"unique_id":"3bc98579-3fc8-4cb5-bade-40abb9f2f09d","ros_timestamp":"1696511880.4657364","T_map_cam":"[[0.57855677,0.00000037,-0.81564212,0.26390051],[0.81564212,0.00000006,0.57855677,1.82238933],[0.00000027,-1.00000000,-0.00000027,1.50500220],[0.00000000,0.00000000,0.00000000,1.00000000]]","center_3d":"[-0.04242219,2.92889023,1.33953404]","nearest_3d":"[0.23368466,2.92891240,1.45552933]","type":"wall-front"},"3":{"unique_id":"fe89b210-dcbc-44c4-a137-590312f43743","ros_timestamp":"1696511880.4657364","T_map_cam":"[[0.57855677,0.00000037,-0.81564212,0.26390051],[0.81564212,0.00000006,0.57855677,1.82238933],[0.00000027,-1.00000000,-0.00000027,1.50500220],[0.00000000,0.00000000,0.00000000,1.00000000]]","center_3d":"[-1.33797371,2.55389404,1.46663737]","nearest_3d":"[-1.32978773,2.04014063,1.55572808]","type":"obstacle"},"4":{"unique_id":"251cf673-6ba8-4b24-9229-81a31e5397eb","ros_timestamp":"1696511880.4657364","T_map_cam":"[[0.57855677,0.00000037,-0.81564212,0.26390051],[0.81564212,0.00000006,0.57855677,1.82238933],[0.00000027,-1.00000000,-0.00000027,1.50500220],[0.00000000,0.00000000,0.00000000,1.00000000]]","center_3d":"[0.00304624,0.73114747,0.70368868]","nearest_3d":"[0.08326067,0.79143250,0.81936520]","type":"obstacle"}}