{"0":{"unique_id":"7e17a0c3-7cbd-473d-804b-0751990995dd","ros_timestamp":"1696511880.649361","T_map_cam":"[[0.57055682,0.00000037,-0.82125813,0.25086442],[0.82125813,0.00000007,0.57055682,1.82992455],[0.00000027,-1.00000000,-0.00000027,1.50500219],[0.00000000,0.00000000,0.00000000,1.00000000]]","center_3d":"[1.17279553,0.32009524,1.41114032]","nearest_3d":"[1.16324949,1.23059404,1.45711553]","type":"wall-right"},"1":{"unique_id":"fc0ce935-7618-4981-a8ff-6ad578ab4de8","ros_timestamp":"1696511880.649361","T_map_cam":"[[0.57055682,0.00000037,-0.82125813,0.25086442],[0.82125813,0.00000007,0.57055682,1.82992455],[0.00000027,-1.00000000,-0.00000027,1.50500219],[0.00000000,0.00000000,0.00000000,1.00000000]]","center_3d":"[0.62511909,-2.92637253,1.50843096]","nearest_3d":"[0.28314799,-2.92636871,1.45542169]","type":"wall-back"},"2":{"unique_id":"3bc98579-3fc8-4cb5-bade-40abb9f2f09d","ros_timestamp":"1696511880.649361","T_map_cam":"[[0.57055682,0.00000037,-0.82125813,0.25086442],[0.82125813,0.00000007,0.57055682,1.82992455],[0.00000027,-1.00000000,-0.00000027,1.50500219],[0.00000000,0.00000000,0.00000000,1.00000000]]","center_3d":"[-0.04308383,2.92821813,1.33951926]","nearest_3d":"[0.23368466,2.92891240,1.45552933]","type":"wall-front"},"3":{"unique_id":"fe89b210-dcbc-44c4-a137-590312f43743","ros_timestamp":"1696511880.649361","T_map_cam":"[[0.57055682,0.00000037,-0.82125813,0.25086442],[0.82125813,0.00000007,0.57055682,1.82992455],[0.00000027,-1.00000000,-0.00000027,1.50500219],[0.00000000,0.00000000,0.00000000,1.00000000]]","center_3d":"[-1.33934414,2.54852939,1.46705902]","nearest_3d":"[-1.33305442,2.01307106,1.55557775]","type":"obstacle"},"4":{"unique_id":"251cf673-6ba8-4b24-9229-81a31e5397eb","ros_timestamp":"1696511880.649361","T_map_cam":"[[0.57055682,0.00000037,-0.82125813,0.25086442],[0.82125813,0.00000007,0.57055682,1.82992455],[0.00000027,-1.00000000,-0.00000027,1.50500219],[0.00000000,0.00000000,0.00000000,1.00000000]]","center_3d":"[0.00304624,0.73114747,0.70368868]","nearest_3d":"[0.08326067,0.79143250,0.81936532]","type":"obstacle"}}