{"0":{"unique_id":"7e17a0c3-7cbd-473d-804b-0751990995dd","ros_timestamp":"1696511880.861787","T_map_cam":"[[0.54289863,0.00000037,-0.83979824,0.22344467],[0.83979824,0.00000008,0.54289863,1.84289329],[0.00000027,-1.00000000,-0.00000027,1.50500215],[0.00000000,0.00000000,0.00000000,1.00000000]]","center_3d":"[1.17279553,0.32009524,1.41114032]","nearest_3d":"[1.16324949,1.23059404,1.45711553]","type":"wall-right"},"1":{"unique_id":"fc0ce935-7618-4981-a8ff-6ad578ab4de8","ros_timestamp":"1696511880.861787","T_map_cam":"[[0.54289863,0.00000037,-0.83979824,0.22344467],[0.83979824,0.00000008,0.54289863,1.84289329],[0.00000027,-1.00000000,-0.00000027,1.50500215],[0.00000000,0.00000000,0.00000000,1.00000000]]","center_3d":"[0.62511909,-2.92637253,1.50843096]","nearest_3d":"[0.18906164,-2.92636490,1.45537770]","type":"wall-back"},"2":{"unique_id":"3bc98579-3fc8-4cb5-bade-40abb9f2f09d","ros_timestamp":"1696511880.861787","T_map_cam":"[[0.54289863,0.00000037,-0.83979824,0.22344467],[0.83979824,0.00000008,0.54289863,1.84289329],[0.00000027,-1.00000000,-0.00000027,1.50500215],[0.00000000,0.00000000,0.00000000,1.00000000]]","center_3d":"[-0.04220786,2.92764425,1.33948755]","nearest_3d":"[0.23368466,2.92891240,1.45552933]","type":"wall-front"},"3":{"unique_id":"fe89b210-dcbc-44c4-a137-590312f43743","ros_timestamp":"1696511880.861787","T_map_cam":"[[0.54289863,0.00000037,-0.83979824,0.22344467],[0.83979824,0.00000008,0.54289863,1.84289329],[0.00000027,-1.00000000,-0.00000027,1.50500215],[0.00000000,0.00000000,0.00000000,1.00000000]]","center_3d":"[-1.34175813,2.54758215,1.46724904]","nearest_3d":"[-1.33424854,2.00822163,1.55562055]","type":"obstacle"},"4":{"unique_id":"251cf673-6ba8-4b24-9229-81a31e5397eb","ros_timestamp":"1696511880.861787","T_map_cam":"[[0.54289863,0.00000037,-0.83979824,0.22344467],[0.83979824,0.00000008,0.54289863,1.84289329],[0.00000027,-1.00000000,-0.00000027,1.50500215],[0.00000000,0.00000000,0.00000000,1.00000000]]","center_3d":"[0.00304624,0.73114747,0.70368868]","nearest_3d":"[0.08326067,0.79143250,0.81936532]","type":"obstacle"}}