{"0":{"unique_id":"7e17a0c3-7cbd-473d-804b-0751990995dd","ros_timestamp":"1696511881.5665753","T_map_cam":"[[0.49462719,0.00000037,-0.86910525,0.16818748],[0.86910525,0.00000010,0.49462719,1.86746879],[0.00000027,-1.00000000,-0.00000027,1.50500207],[0.00000000,0.00000000,0.00000000,1.00000000]]","center_3d":"[1.17365479,0.28262201,1.41457069]","nearest_3d":"[1.16324949,1.23059404,1.45711553]","type":"wall-right"},"1":{"unique_id":"fc0ce935-7618-4981-a8ff-6ad578ab4de8","ros_timestamp":"1696511881.5665753","T_map_cam":"[[0.49462719,0.00000037,-0.86910525,0.16818748],[0.86910525,0.00000010,0.49462719,1.86746879],[0.00000027,-1.00000000,-0.00000027,1.50500207],[0.00000000,0.00000000,0.00000000,1.00000000]]","center_3d":"[0.62511909,-2.92637253,1.50843096]","nearest_3d":"[0.18906164,-2.92636490,1.45537770]","type":"wall-back"},"2":{"unique_id":"3bc98579-3fc8-4cb5-bade-40abb9f2f09d","ros_timestamp":"1696511881.5665753","T_map_cam":"[[0.49462719,0.00000037,-0.86910525,0.16818748],[0.86910525,0.00000010,0.49462719,1.86746879],[0.00000027,-1.00000000,-0.00000027,1.50500207],[0.00000000,0.00000000,0.00000000,1.00000000]]","center_3d":"[-0.04814805,2.92753744,1.34001565]","nearest_3d":"[0.23368466,2.92891240,1.45552933]","type":"wall-front"},"3":{"unique_id":"158f725a-3373-4249-9010-383a9003b562","ros_timestamp":"1696511881.5665753","T_map_cam":"[[0.49462719,0.00000037,-0.86910525,0.16818748],[0.86910525,0.00000010,0.49462719,1.86746879],[0.00000027,-1.00000000,-0.00000027,1.50500207],[0.00000000,0.00000000,0.00000000,1.00000000]]","center_3d":"[-1.33328652,2.43457317,1.50830114]","nearest_3d":"[-1.33042347,1.97958267,1.45566511]","type":"wall-left"},"4":{"unique_id":"fe89b210-dcbc-44c4-a137-590312f43743","ros_timestamp":"1696511881.5665753","T_map_cam":"[[0.49462719,0.00000037,-0.86910525,0.16818748],[0.86910525,0.00000010,0.49462719,1.86746879],[0.00000027,-1.00000000,-0.00000027,1.50500207],[0.00000000,0.00000000,0.00000000,1.00000000]]","center_3d":"[0.00304624,0.73114747,0.70368868]","nearest_3d":"[0.08326067,0.79143250,0.81936520]","type":"obstacle"}}