{"0":{"unique_id":"7e17a0c3-7cbd-473d-804b-0751990995dd","ros_timestamp":"1696511882.2625954","T_map_cam":"[[0.42697257,0.00000036,-0.90426458,0.11020749],[0.90426458,0.00000013,0.42697257,1.88598225],[0.00000027,-1.00000000,-0.00000027,1.50500197],[0.00000000,0.00000000,0.00000000,1.00000000]]","center_3d":"[1.17835224,0.27298474,1.41240144]","nearest_3d":"[1.16324949,1.23059404,1.45711553]","type":"wall-right"},"1":{"unique_id":"fc0ce935-7618-4981-a8ff-6ad578ab4de8","ros_timestamp":"1696511882.2625954","T_map_cam":"[[0.42697257,0.00000036,-0.90426458,0.11020749],[0.90426458,0.00000013,0.42697257,1.88598225],[0.00000027,-1.00000000,-0.00000027,1.50500197],[0.00000000,0.00000000,0.00000000,1.00000000]]","center_3d":"[0.62511909,-2.92637253,1.50843096]","nearest_3d":"[0.18906164,-2.92636490,1.45537770]","type":"wall-back"},"2":{"unique_id":"3bc98579-3fc8-4cb5-bade-40abb9f2f09d","ros_timestamp":"1696511882.2625954","T_map_cam":"[[0.42697257,0.00000036,-0.90426458,0.11020749],[0.90426458,0.00000013,0.42697257,1.88598225],[0.00000027,-1.00000000,-0.00000027,1.50500197],[0.00000000,0.00000000,0.00000000,1.00000000]]","center_3d":"[-0.11288616,2.92609406,1.35018349]","nearest_3d":"[0.11083086,2.92818332,1.45556867]","type":"wall-front"},"3":{"unique_id":"158f725a-3373-4249-9010-383a9003b562","ros_timestamp":"1696511882.2625954","T_map_cam":"[[0.42697257,0.00000036,-0.90426458,0.11020749],[0.90426458,0.00000013,0.42697257,1.88598225],[0.00000027,-1.00000000,-0.00000027,1.50500197],[0.00000000,0.00000000,0.00000000,1.00000000]]","center_3d":"[-1.33941722,2.38487124,1.50395143]","nearest_3d":"[-1.33478737,1.91441631,1.45560038]","type":"wall-left"},"4":{"unique_id":"fe89b210-dcbc-44c4-a137-590312f43743","ros_timestamp":"1696511882.2625954","T_map_cam":"[[0.42697257,0.00000036,-0.90426458,0.11020749],[0.90426458,0.00000013,0.42697257,1.88598225],[0.00000027,-1.00000000,-0.00000027,1.50500197],[0.00000000,0.00000000,0.00000000,1.00000000]]","center_3d":"[0.00304624,0.73114747,0.70368868]","nearest_3d":"[0.08326067,0.79143250,0.81936520]","type":"obstacle"}}