{"0":{"unique_id":"7e17a0c3-7cbd-473d-804b-0751990995dd","ros_timestamp":"1696511882.749317","T_map_cam":"[[0.39879409,0.00000035,-0.91704050,0.08117977],[0.91704050,0.00000014,0.39879409,1.89460227],[0.00000027,-1.00000000,-0.00000027,1.50500191],[0.00000000,0.00000000,0.00000000,1.00000000]]","center_3d":"[1.17890739,0.28270665,1.41457689]","nearest_3d":"[1.16324949,1.23059404,1.45711553]","type":"wall-right"},"1":{"unique_id":"fc0ce935-7618-4981-a8ff-6ad578ab4de8","ros_timestamp":"1696511882.749317","T_map_cam":"[[0.39879409,0.00000035,-0.91704050,0.08117977],[0.91704050,0.00000014,0.39879409,1.89460227],[0.00000027,-1.00000000,-0.00000027,1.50500191],[0.00000000,0.00000000,0.00000000,1.00000000]]","center_3d":"[0.62511909,-2.92637253,1.50843096]","nearest_3d":"[0.18906164,-2.92636490,1.45537770]","type":"wall-back"},"2":{"unique_id":"3bc98579-3fc8-4cb5-bade-40abb9f2f09d","ros_timestamp":"1696511882.749317","T_map_cam":"[[0.39879409,0.00000035,-0.91704050,0.08117977],[0.91704050,0.00000014,0.39879409,1.89460227],[0.00000027,-1.00000000,-0.00000027,1.50500191],[0.00000000,0.00000000,0.00000000,1.00000000]]","center_3d":"[-0.11033247,2.92569709,1.34865332]","nearest_3d":"[0.11083086,2.92818332,1.45556867]","type":"wall-front"},"3":{"unique_id":"158f725a-3373-4249-9010-383a9003b562","ros_timestamp":"1696511882.749317","T_map_cam":"[[0.39879409,0.00000035,-0.91704050,0.08117977],[0.91704050,0.00000014,0.39879409,1.89460227],[0.00000027,-1.00000000,-0.00000027,1.50500191],[0.00000000,0.00000000,0.00000000,1.00000000]]","center_3d":"[-1.34110248,2.34801650,1.50794530]","nearest_3d":"[-1.33524966,1.93825150,1.45557237]","type":"wall-left"},"4":{"unique_id":"fe89b210-dcbc-44c4-a137-590312f43743","ros_timestamp":"1696511882.749317","T_map_cam":"[[0.39879409,0.00000035,-0.91704050,0.08117977],[0.91704050,0.00000014,0.39879409,1.89460227],[0.00000027,-1.00000000,-0.00000027,1.50500191],[0.00000000,0.00000000,0.00000000,1.00000000]]","center_3d":"[0.00304624,0.73114747,0.70368868]","nearest_3d":"[0.08326067,0.79143250,0.81936520]","type":"obstacle"}}