{"0":{"unique_id":"7e17a0c3-7cbd-473d-804b-0751990995dd","ros_timestamp":"1696511883.0613778","T_map_cam":"[[0.36751019,0.00000035,-0.93001950,0.05169123],[0.93001950,0.00000015,0.36751019,1.90179979],[0.00000027,-1.00000000,-0.00000027,1.50500185],[0.00000000,0.00000000,0.00000000,1.00000000]]","center_3d":"[1.17890739,0.28270665,1.41457689]","nearest_3d":"[1.16324949,1.23059404,1.45711553]","type":"wall-right"},"1":{"unique_id":"fc0ce935-7618-4981-a8ff-6ad578ab4de8","ros_timestamp":"1696511883.0613778","T_map_cam":"[[0.36751019,0.00000035,-0.93001950,0.05169123],[0.93001950,0.00000015,0.36751019,1.90179979],[0.00000027,-1.00000000,-0.00000027,1.50500185],[0.00000000,0.00000000,0.00000000,1.00000000]]","center_3d":"[0.62511909,-2.92637253,1.50843096]","nearest_3d":"[0.18906164,-2.92636490,1.45537770]","type":"wall-back"},"2":{"unique_id":"3bc98579-3fc8-4cb5-bade-40abb9f2f09d","ros_timestamp":"1696511883.0613778","T_map_cam":"[[0.36751019,0.00000035,-0.93001950,0.05169123],[0.93001950,0.00000015,0.36751019,1.90179979],[0.00000027,-1.00000000,-0.00000027,1.50500185],[0.00000000,0.00000000,0.00000000,1.00000000]]","center_3d":"[-0.11680432,2.92636418,1.34920812]","nearest_3d":"[0.01682958,2.92783546,1.45550823]","type":"wall-front"},"3":{"unique_id":"158f725a-3373-4249-9010-383a9003b562","ros_timestamp":"1696511883.0613778","T_map_cam":"[[0.36751019,0.00000035,-0.93001950,0.05169123],[0.93001950,0.00000015,0.36751019,1.90179979],[0.00000027,-1.00000000,-0.00000027,1.50500185],[0.00000000,0.00000000,0.00000000,1.00000000]]","center_3d":"[-1.33401895,2.33765912,1.50797248]","nearest_3d":"[-1.32921207,1.95288467,1.45563257]","type":"wall-left"},"4":{"unique_id":"fe89b210-dcbc-44c4-a137-590312f43743","ros_timestamp":"1696511883.0613778","T_map_cam":"[[0.36751019,0.00000035,-0.93001950,0.05169123],[0.93001950,0.00000015,0.36751019,1.90179979],[0.00000027,-1.00000000,-0.00000027,1.50500185],[0.00000000,0.00000000,0.00000000,1.00000000]]","center_3d":"[0.00304624,0.73114747,0.70368868]","nearest_3d":"[0.08326067,0.79143250,0.81936520]","type":"obstacle"}}