{"0":{"unique_id":"7e17a0c3-7cbd-473d-804b-0751990995dd","ros_timestamp":"1696511883.4607437","T_map_cam":"[[0.32838360,0.00000034,-0.94454445,0.02159166],[0.94454445,0.00000017,0.32838360,1.90690638],[0.00000027,-1.00000000,-0.00000027,1.50500179],[0.00000000,0.00000000,0.00000000,1.00000000]]","center_3d":"[1.17825973,0.29249662,1.41525626]","nearest_3d":"[1.16324949,1.23059404,1.45711553]","type":"wall-right"},"1":{"unique_id":"fc0ce935-7618-4981-a8ff-6ad578ab4de8","ros_timestamp":"1696511883.4607437","T_map_cam":"[[0.32838360,0.00000034,-0.94454445,0.02159166],[0.94454445,0.00000017,0.32838360,1.90690638],[0.00000027,-1.00000000,-0.00000027,1.50500179],[0.00000000,0.00000000,0.00000000,1.00000000]]","center_3d":"[0.62511909,-2.92637253,1.50843096]","nearest_3d":"[0.18906164,-2.92636490,1.45537770]","type":"wall-back"},"2":{"unique_id":"3bc98579-3fc8-4cb5-bade-40abb9f2f09d","ros_timestamp":"1696511883.4607437","T_map_cam":"[[0.32838360,0.00000034,-0.94454445,0.02159166],[0.94454445,0.00000017,0.32838360,1.90690638],[0.00000027,-1.00000000,-0.00000027,1.50500179],[0.00000000,0.00000000,0.00000000,1.00000000]]","center_3d":"[-0.11323837,2.92653561,1.34773779]","nearest_3d":"[0.01682958,2.92783546,1.45550823]","type":"wall-front"},"3":{"unique_id":"158f725a-3373-4249-9010-383a9003b562","ros_timestamp":"1696511883.4607437","T_map_cam":"[[0.32838360,0.00000034,-0.94454445,0.02159166],[0.94454445,0.00000017,0.32838360,1.90690638],[0.00000027,-1.00000000,-0.00000027,1.50500179],[0.00000000,0.00000000,0.00000000,1.00000000]]","center_3d":"[-1.33371997,2.30572462,1.51139653]","nearest_3d":"[-1.32896328,1.94378030,1.45562017]","type":"wall-left"},"4":{"unique_id":"fe89b210-dcbc-44c4-a137-590312f43743","ros_timestamp":"1696511883.4607437","T_map_cam":"[[0.32838360,0.00000034,-0.94454445,0.02159166],[0.94454445,0.00000017,0.32838360,1.90690638],[0.00000027,-1.00000000,-0.00000027,1.50500179],[0.00000000,0.00000000,0.00000000,1.00000000]]","center_3d":"[0.00304624,0.73114747,0.70368868]","nearest_3d":"[0.08326067,0.79143250,0.81936520]","type":"obstacle"}}