{"0":{"unique_id":"7e17a0c3-7cbd-473d-804b-0751990995dd","ros_timestamp":"1696511883.849275","T_map_cam":"[[0.27529350,0.00000033,-0.96136023,-0.02356429],[0.96136023,0.00000018,0.27529350,1.91333426],[0.00000027,-1.00000000,-0.00000027,1.50500169],[0.00000000,0.00000000,0.00000000,1.00000000]]","center_3d":"[1.17365479,0.28262201,1.41457069]","nearest_3d":"[1.16324949,1.23059404,1.45711553]","type":"wall-right"},"1":{"unique_id":"fc0ce935-7618-4981-a8ff-6ad578ab4de8","ros_timestamp":"1696511883.849275","T_map_cam":"[[0.27529350,0.00000033,-0.96136023,-0.02356429],[0.96136023,0.00000018,0.27529350,1.91333426],[0.00000027,-1.00000000,-0.00000027,1.50500169],[0.00000000,0.00000000,0.00000000,1.00000000]]","center_3d":"[0.62511909,-2.92637253,1.50843096]","nearest_3d":"[0.18906164,-2.92636490,1.45537770]","type":"wall-back"},"2":{"unique_id":"3bc98579-3fc8-4cb5-bade-40abb9f2f09d","ros_timestamp":"1696511883.849275","T_map_cam":"[[0.27529350,0.00000033,-0.96136023,-0.02356429],[0.96136023,0.00000018,0.27529350,1.91333426],[0.00000027,-1.00000000,-0.00000027,1.50500169],[0.00000000,0.00000000,0.00000000,1.00000000]]","center_3d":"[-0.13468310,2.92574143,1.35209846]","nearest_3d":"[0.01682958,2.92783546,1.45550823]","type":"wall-front"},"3":{"unique_id":"158f725a-3373-4249-9010-383a9003b562","ros_timestamp":"1696511883.849275","T_map_cam":"[[0.27529350,0.00000033,-0.96136023,-0.02356429],[0.96136023,0.00000018,0.27529350,1.91333426],[0.00000027,-1.00000000,-0.00000027,1.50500169],[0.00000000,0.00000000,0.00000000,1.00000000]]","center_3d":"[-1.34139204,2.30358529,1.50776982]","nearest_3d":"[-1.33415174,1.86297834,1.45558357]","type":"wall-left"},"4":{"unique_id":"fe89b210-dcbc-44c4-a137-590312f43743","ros_timestamp":"1696511883.849275","T_map_cam":"[[0.27529350,0.00000033,-0.96136023,-0.02356429],[0.96136023,0.00000018,0.27529350,1.91333426],[0.00000027,-1.00000000,-0.00000027,1.50500169],[0.00000000,0.00000000,0.00000000,1.00000000]]","center_3d":"[0.00304624,0.73114747,0.70368868]","nearest_3d":"[0.08326067,0.79143250,0.81936520]","type":"obstacle"}}