{"0":{"unique_id":"7e17a0c3-7cbd-473d-804b-0751990995dd","ros_timestamp":"1696511884.36013","T_map_cam":"[[0.23232538,0.00000032,-0.97263812,-0.05407866],[0.97263812,0.00000020,0.23232538,1.91522790],[0.00000027,-1.00000000,-0.00000027,1.50500162],[0.00000000,0.00000000,0.00000000,1.00000000]]","center_3d":"[1.17365479,0.28262201,1.41457069]","nearest_3d":"[1.16324949,1.23059404,1.45711553]","type":"wall-right"},"1":{"unique_id":"fc0ce935-7618-4981-a8ff-6ad578ab4de8","ros_timestamp":"1696511884.36013","T_map_cam":"[[0.23232538,0.00000032,-0.97263812,-0.05407866],[0.97263812,0.00000020,0.23232538,1.91522790],[0.00000027,-1.00000000,-0.00000027,1.50500162],[0.00000000,0.00000000,0.00000000,1.00000000]]","center_3d":"[0.62511909,-2.92637253,1.50843096]","nearest_3d":"[0.18906164,-2.92636490,1.45537770]","type":"wall-back"},"2":{"unique_id":"3bc98579-3fc8-4cb5-bade-40abb9f2f09d","ros_timestamp":"1696511884.36013","T_map_cam":"[[0.23232538,0.00000032,-0.97263812,-0.05407866],[0.97263812,0.00000020,0.23232538,1.91522790],[0.00000027,-1.00000000,-0.00000027,1.50500162],[0.00000000,0.00000000,0.00000000,1.00000000]]","center_3d":"[-0.13359484,2.92581892,1.35207522]","nearest_3d":"[-0.07880883,2.92685628,1.45548701]","type":"wall-front"},"3":{"unique_id":"158f725a-3373-4249-9010-383a9003b562","ros_timestamp":"1696511884.36013","T_map_cam":"[[0.23232538,0.00000032,-0.97263812,-0.05407866],[0.97263812,0.00000020,0.23232538,1.91522790],[0.00000027,-1.00000000,-0.00000027,1.50500162],[0.00000000,0.00000000,0.00000000,1.00000000]]","center_3d":"[-1.33304322,2.28946543,1.50763130]","nearest_3d":"[-1.32615089,1.86064959,1.45556259]","type":"wall-left"},"4":{"unique_id":"fe89b210-dcbc-44c4-a137-590312f43743","ros_timestamp":"1696511884.36013","T_map_cam":"[[0.23232538,0.00000032,-0.97263812,-0.05407866],[0.97263812,0.00000020,0.23232538,1.91522790],[0.00000027,-1.00000000,-0.00000027,1.50500162],[0.00000000,0.00000000,0.00000000,1.00000000]]","center_3d":"[0.00304624,0.73114747,0.70368868]","nearest_3d":"[0.08326067,0.79143250,0.81936520]","type":"obstacle"}}