{"0":{"unique_id":"7e17a0c3-7cbd-473d-804b-0751990995dd","ros_timestamp":"1696511884.8632677","T_map_cam":"[[0.17629631,0.00000031,-0.98433714,-0.09966874],[0.98433714,0.00000022,0.17629631,1.91699640],[0.00000027,-1.00000000,-0.00000027,1.50500150],[0.00000000,0.00000000,0.00000000,1.00000000]]","center_3d":"[1.17890739,0.28270665,1.41457689]","nearest_3d":"[1.16324949,1.23059404,1.45711553]","type":"wall-right"},"1":{"unique_id":"fc0ce935-7618-4981-a8ff-6ad578ab4de8","ros_timestamp":"1696511884.8632677","T_map_cam":"[[0.17629631,0.00000031,-0.98433714,-0.09966874],[0.98433714,0.00000022,0.17629631,1.91699640],[0.00000027,-1.00000000,-0.00000027,1.50500150],[0.00000000,0.00000000,0.00000000,1.00000000]]","center_3d":"[0.62511909,-2.92637253,1.50843096]","nearest_3d":"[0.18906164,-2.92636490,1.45537770]","type":"wall-back"},"2":{"unique_id":"3bc98579-3fc8-4cb5-bade-40abb9f2f09d","ros_timestamp":"1696511884.8632677","T_map_cam":"[[0.17629631,0.00000031,-0.98433714,-0.09966874],[0.98433714,0.00000022,0.17629631,1.91699640],[0.00000027,-1.00000000,-0.00000027,1.50500150],[0.00000000,0.00000000,0.00000000,1.00000000]]","center_3d":"[-0.13310350,2.92578077,1.35204506]","nearest_3d":"[-0.07880883,2.92685628,1.45548701]","type":"wall-front"},"3":{"unique_id":"158f725a-3373-4249-9010-383a9003b562","ros_timestamp":"1696511884.8632677","T_map_cam":"[[0.17629631,0.00000031,-0.98433714,-0.09966874],[0.98433714,0.00000022,0.17629631,1.91699640],[0.00000027,-1.00000000,-0.00000027,1.50500150],[0.00000000,0.00000000,0.00000000,1.00000000]]","center_3d":"[-1.33106327,2.24172068,1.50967467]","nearest_3d":"[-1.32762289,1.91927505,1.45563769]","type":"wall-left"},"4":{"unique_id":"fe89b210-dcbc-44c4-a137-590312f43743","ros_timestamp":"1696511884.8632677","T_map_cam":"[[0.17629631,0.00000031,-0.98433714,-0.09966874],[0.98433714,0.00000022,0.17629631,1.91699640],[0.00000027,-1.00000000,-0.00000027,1.50500150],[0.00000000,0.00000000,0.00000000,1.00000000]]","center_3d":"[0.00304624,0.73114747,0.70368868]","nearest_3d":"[-0.06063079,0.78169042,0.81683517]","type":"obstacle"}}