{"0":{"unique_id":"7e17a0c3-7cbd-473d-804b-0751990995dd","ros_timestamp":"1696511887.273934","T_map_cam":"[[-0.09022756,0.00000024,-0.99592118,-0.31037797],[0.99592118,0.00000029,-0.09022756,1.89009842],[0.00000027,-1.00000000,-0.00000027,1.50500087],[0.00000000,0.00000000,0.00000000,1.00000000]]","center_3d":"[1.17365479,0.28262201,1.41457069]","nearest_3d":"[1.16324949,1.23059404,1.45711553]","type":"wall-right"},"1":{"unique_id":"fc0ce935-7618-4981-a8ff-6ad578ab4de8","ros_timestamp":"1696511887.273934","T_map_cam":"[[-0.09022756,0.00000024,-0.99592118,-0.31037797],[0.99592118,0.00000029,-0.09022756,1.89009842],[0.00000027,-1.00000000,-0.00000027,1.50500087],[0.00000000,0.00000000,0.00000000,1.00000000]]","center_3d":"[0.62511909,-2.92637253,1.50843096]","nearest_3d":"[0.18906164,-2.92636490,1.45537770]","type":"wall-back"},"2":{"unique_id":"3bc98579-3fc8-4cb5-bade-40abb9f2f09d","ros_timestamp":"1696511887.273934","T_map_cam":"[[-0.09022756,0.00000024,-0.99592118,-0.31037797],[0.99592118,0.00000029,-0.09022756,1.89009842],[0.00000027,-1.00000000,-0.00000027,1.50500087],[0.00000000,0.00000000,0.00000000,1.00000000]]","center_3d":"[-0.13699396,2.92559218,1.35252774]","nearest_3d":"[-0.38643157,2.92352414,1.45543051]","type":"wall-front"},"3":{"unique_id":"158f725a-3373-4249-9010-383a9003b562","ros_timestamp":"1696511887.273934","T_map_cam":"[[-0.09022756,0.00000024,-0.99592118,-0.31037797],[0.99592118,0.00000029,-0.09022756,1.89009842],[0.00000027,-1.00000000,-0.00000027,1.50500087],[0.00000000,0.00000000,0.00000000,1.00000000]]","center_3d":"[-1.33782804,2.14288521,1.50921071]","nearest_3d":"[-1.33480239,1.87304926,1.45519447]","type":"wall-left"},"4":{"unique_id":"fe89b210-dcbc-44c4-a137-590312f43743","ros_timestamp":"1696511887.273934","T_map_cam":"[[-0.09022756,0.00000024,-0.99592118,-0.31037797],[0.99592118,0.00000029,-0.09022756,1.89009842],[0.00000027,-1.00000000,-0.00000027,1.50500087],[0.00000000,0.00000000,0.00000000,1.00000000]]","center_3d":"[0.00304624,0.73114747,0.70368868]","nearest_3d":"[-0.06063079,0.78169042,0.81683517]","type":"obstacle"}}