{"0":{"unique_id":"7e17a0c3-7cbd-473d-804b-0751990995dd","ros_timestamp":"1696511892.1494408","T_map_cam":"[[-0.46215449,0.00000011,-0.88679943,-0.69382206],[0.88679943,0.00000036,-0.46215449,1.71505428],[0.00000027,-1.00000000,-0.00000027,1.50499930],[0.00000000,0.00000000,0.00000000,1.00000000]]","center_3d":"[1.17365479,0.28262201,1.41457069]","nearest_3d":"[1.16324949,1.23059404,1.45711553]","type":"wall-right"},"1":{"unique_id":"fc0ce935-7618-4981-a8ff-6ad578ab4de8","ros_timestamp":"1696511892.1494408","T_map_cam":"[[-0.46215449,0.00000011,-0.88679943,-0.69382206],[0.88679943,0.00000036,-0.46215449,1.71505428],[0.00000027,-1.00000000,-0.00000027,1.50499930],[0.00000000,0.00000000,0.00000000,1.00000000]]","center_3d":"[0.62511909,-2.92637253,1.50843096]","nearest_3d":"[0.18906164,-2.92636490,1.45537770]","type":"wall-back"},"2":{"unique_id":"3bc98579-3fc8-4cb5-bade-40abb9f2f09d","ros_timestamp":"1696511892.1494408","T_map_cam":"[[-0.46215449,0.00000011,-0.88679943,-0.69382206],[0.88679943,0.00000036,-0.46215449,1.71505428],[0.00000027,-1.00000000,-0.00000027,1.50499930],[0.00000000,0.00000000,0.00000000,1.00000000]]","center_3d":"[-0.13699396,2.92559218,1.35252774]","nearest_3d":"[-0.66623628,2.92482424,1.45549691]","type":"wall-front"},"3":{"unique_id":"158f725a-3373-4249-9010-383a9003b562","ros_timestamp":"1696511892.1494408","T_map_cam":"[[-0.46215449,0.00000011,-0.88679943,-0.69382206],[0.88679943,0.00000036,-0.46215449,1.71505428],[0.00000027,-1.00000000,-0.00000027,1.50499930],[0.00000000,0.00000000,0.00000000,1.00000000]]","center_3d":"[-1.33438182,1.91439342,1.50791132]","nearest_3d":"[-1.33481348,1.73040020,1.45526838]","type":"wall-left"},"4":{"unique_id":"fe89b210-dcbc-44c4-a137-590312f43743","ros_timestamp":"1696511892.1494408","T_map_cam":"[[-0.46215449,0.00000011,-0.88679943,-0.69382206],[0.88679943,0.00000036,-0.46215449,1.71505428],[0.00000027,-1.00000000,-0.00000027,1.50499930],[0.00000000,0.00000000,0.00000000,1.00000000]]","center_3d":"[0.00304624,0.73114747,0.70368868]","nearest_3d":"[-0.06063079,0.78169042,0.81683517]","type":"obstacle"}}