{"0":{"unique_id":"7e17a0c3-7cbd-473d-804b-0751990995dd","ros_timestamp":"1696511893.049339","T_map_cam":"[[-0.50529530,0.00000010,-0.86294650,-0.75622762],[0.86294650,0.00000037,-0.50529530,1.67294054],[0.00000027,-1.00000000,-0.00000027,1.50499901],[0.00000000,0.00000000,0.00000000,1.00000000]]","center_3d":"[1.17835224,0.27298474,1.41240144]","nearest_3d":"[1.16324949,1.23059404,1.45711553]","type":"wall-right"},"1":{"unique_id":"fc0ce935-7618-4981-a8ff-6ad578ab4de8","ros_timestamp":"1696511893.049339","T_map_cam":"[[-0.50529530,0.00000010,-0.86294650,-0.75622762],[0.86294650,0.00000037,-0.50529530,1.67294054],[0.00000027,-1.00000000,-0.00000027,1.50499901],[0.00000000,0.00000000,0.00000000,1.00000000]]","center_3d":"[0.62511909,-2.92637253,1.50843096]","nearest_3d":"[0.18906164,-2.92636490,1.45537770]","type":"wall-back"},"2":{"unique_id":"3bc98579-3fc8-4cb5-bade-40abb9f2f09d","ros_timestamp":"1696511893.049339","T_map_cam":"[[-0.50529530,0.00000010,-0.86294650,-0.75622762],[0.86294650,0.00000037,-0.50529530,1.67294054],[0.00000027,-1.00000000,-0.00000027,1.50499901],[0.00000000,0.00000000,0.00000000,1.00000000]]","center_3d":"[-0.13505679,2.92569160,1.35131645]","nearest_3d":"[-0.78799689,2.92481351,1.45553470]","type":"wall-front"},"3":{"unique_id":"158f725a-3373-4249-9010-383a9003b562","ros_timestamp":"1696511893.049339","T_map_cam":"[[-0.50529530,0.00000010,-0.86294650,-0.75622762],[0.86294650,0.00000037,-0.50529530,1.67294054],[0.00000027,-1.00000000,-0.00000027,1.50499901],[0.00000000,0.00000000,0.00000000,1.00000000]]","center_3d":"[-1.33398759,1.87391078,1.50973332]","nearest_3d":"[-1.32756150,1.71107650,1.45517719]","type":"wall-left"},"4":{"unique_id":"fe89b210-dcbc-44c4-a137-590312f43743","ros_timestamp":"1696511893.049339","T_map_cam":"[[-0.50529530,0.00000010,-0.86294650,-0.75622762],[0.86294650,0.00000037,-0.50529530,1.67294054],[0.00000027,-1.00000000,-0.00000027,1.50499901],[0.00000000,0.00000000,0.00000000,1.00000000]]","center_3d":"[0.00304624,0.73114747,0.70368868]","nearest_3d":"[-0.06063079,0.78169042,0.81683522]","type":"obstacle"}}