{"0":{"unique_id":"7e17a0c3-7cbd-473d-804b-0751990995dd","ros_timestamp":"1696511900.3494477","T_map_cam":"[[-0.95769239,-0.00000018,-0.28779384,-1.08147609],[0.28779384,0.00000033,-0.95769239,1.16632078],[0.00000027,-1.00000000,-0.00000027,1.50499698],[0.00000000,0.00000000,0.00000000,1.00000000]]","center_3d":"[1.17890739,0.28270665,1.41457689]","nearest_3d":"[1.16324949,1.23059404,1.45711553]","type":"wall-right"},"1":{"unique_id":"fc0ce935-7618-4981-a8ff-6ad578ab4de8","ros_timestamp":"1696511900.3494477","T_map_cam":"[[-0.95769239,-0.00000018,-0.28779384,-1.08147609],[0.28779384,0.00000033,-0.95769239,1.16632078],[0.00000027,-1.00000000,-0.00000027,1.50499698],[0.00000000,0.00000000,0.00000000,1.00000000]]","center_3d":"[0.62511909,-2.92637253,1.50843096]","nearest_3d":"[0.18906164,-2.92636490,1.45537770]","type":"wall-back"},"2":{"unique_id":"3bc98579-3fc8-4cb5-bade-40abb9f2f09d","ros_timestamp":"1696511900.3494477","T_map_cam":"[[-0.95769239,-0.00000018,-0.28779384,-1.08147609],[0.28779384,0.00000033,-0.95769239,1.16632078],[0.00000027,-1.00000000,-0.00000027,1.50499698],[0.00000000,0.00000000,0.00000000,1.00000000]]","center_3d":"[-0.08521787,2.92659402,1.34901404]","nearest_3d":"[-1.14323294,2.89678264,1.45568883]","type":"wall-front"},"3":{"unique_id":"158f725a-3373-4249-9010-383a9003b562","ros_timestamp":"1696511900.3494477","T_map_cam":"[[-0.95769239,-0.00000018,-0.28779384,-1.08147609],[0.28779384,0.00000033,-0.95769239,1.16632078],[0.00000027,-1.00000000,-0.00000027,1.50499698],[0.00000000,0.00000000,0.00000000,1.00000000]]","center_3d":"[-1.31164885,-0.20957927,1.46044612]","nearest_3d":"[-1.32517910,1.11493850,1.45512235]","type":"wall-left"},"4":{"unique_id":"fe89b210-dcbc-44c4-a137-590312f43743","ros_timestamp":"1696511900.3494477","T_map_cam":"[[-0.95769239,-0.00000018,-0.28779384,-1.08147609],[0.28779384,0.00000033,-0.95769239,1.16632078],[0.00000027,-1.00000000,-0.00000027,1.50499698],[0.00000000,0.00000000,0.00000000,1.00000000]]","center_3d":"[0.00304624,0.73114747,0.70368868]","nearest_3d":"[-0.15403453,0.72999775,0.75222683]","type":"obstacle"}}