{"0":{"unique_id":"7e17a0c3-7cbd-473d-804b-0751990995dd","ros_timestamp":"1696511901.060336","T_map_cam":"[[-0.98068373,-0.00000021,-0.19560017,-1.08355305],[0.19560017,0.00000032,-0.98068373,1.10503983],[0.00000027,-1.00000000,-0.00000027,1.50499686],[0.00000000,0.00000000,0.00000000,1.00000000]]","center_3d":"[1.16548932,0.40119663,1.40280890]","nearest_3d":"[1.16324949,1.23059404,1.45711553]","type":"wall-right"},"1":{"unique_id":"fc0ce935-7618-4981-a8ff-6ad578ab4de8","ros_timestamp":"1696511901.060336","T_map_cam":"[[-0.98068373,-0.00000021,-0.19560017,-1.08355305],[0.19560017,0.00000032,-0.98068373,1.10503983],[0.00000027,-1.00000000,-0.00000027,1.50499686],[0.00000000,0.00000000,0.00000000,1.00000000]]","center_3d":"[0.62511909,-2.92637253,1.50843096]","nearest_3d":"[0.18906164,-2.92636490,1.45537770]","type":"wall-back"},"2":{"unique_id":"3bc98579-3fc8-4cb5-bade-40abb9f2f09d","ros_timestamp":"1696511901.060336","T_map_cam":"[[-0.98068373,-0.00000021,-0.19560017,-1.08355305],[0.19560017,0.00000032,-0.98068373,1.10503983],[0.00000027,-1.00000000,-0.00000027,1.50499686],[0.00000000,0.00000000,0.00000000,1.00000000]]","center_3d":"[-0.08726074,2.92658019,1.35028040]","nearest_3d":"[-1.14323294,2.89678264,1.45568883]","type":"wall-front"},"3":{"unique_id":"158f725a-3373-4249-9010-383a9003b562","ros_timestamp":"1696511901.060336","T_map_cam":"[[-0.98068373,-0.00000021,-0.19560017,-1.08355305],[0.19560017,0.00000032,-0.98068373,1.10503983],[0.00000027,-1.00000000,-0.00000027,1.50499686],[0.00000000,0.00000000,0.00000000,1.00000000]]","center_3d":"[-1.32954252,-1.59803522,1.07011092]","nearest_3d":"[-1.32826495,-0.72547376,0.75699985]","type":"wall-left"},"4":{"unique_id":"fe89b210-dcbc-44c4-a137-590312f43743","ros_timestamp":"1696511901.060336","T_map_cam":"[[-0.98068373,-0.00000021,-0.19560017,-1.08355305],[0.19560017,0.00000032,-0.98068373,1.10503983],[0.00000027,-1.00000000,-0.00000027,1.50499686],[0.00000000,0.00000000,0.00000000,1.00000000]]","center_3d":"[0.00304624,0.73114747,0.70368868]","nearest_3d":"[-0.15403453,0.72999775,0.75222683]","type":"obstacle"}}