{"0":{"unique_id":"7e17a0c3-7cbd-473d-804b-0751990995dd","ros_timestamp":"1696511903.0624719","T_map_cam":"[[-0.99496010,-0.00000029,0.10027158,-1.05103611],[-0.10027158,0.00000024,-0.99496010,0.92393732],[0.00000027,-1.00000000,-0.00000027,1.50499666],[0.00000000,0.00000000,0.00000000,1.00000000]]","center_3d":"[1.17365479,0.28262201,1.41457069]","nearest_3d":"[1.16823745,1.13672340,1.45661211]","type":"wall-right"},"1":{"unique_id":"fc0ce935-7618-4981-a8ff-6ad578ab4de8","ros_timestamp":"1696511903.0624719","T_map_cam":"[[-0.99496010,-0.00000029,0.10027158,-1.05103611],[-0.10027158,0.00000024,-0.99496010,0.92393732],[0.00000027,-1.00000000,-0.00000027,1.50499666],[0.00000000,0.00000000,0.00000000,1.00000000]]","center_3d":"[0.62511909,-2.92637253,1.50843096]","nearest_3d":"[0.18906164,-2.92636490,1.45537770]","type":"wall-back"},"2":{"unique_id":"3bc98579-3fc8-4cb5-bade-40abb9f2f09d","ros_timestamp":"1696511903.0624719","T_map_cam":"[[-0.99496010,-0.00000029,0.10027158,-1.05103611],[-0.10027158,0.00000024,-0.99496010,0.92393732],[0.00000027,-1.00000000,-0.00000027,1.50499666],[0.00000000,0.00000000,0.00000000,1.00000000]]","center_3d":"[-0.08321242,2.92660880,1.34977043]","nearest_3d":"[-1.14323294,2.89678264,1.45568883]","type":"wall-front"},"3":{"unique_id":"158f725a-3373-4249-9010-383a9003b562","ros_timestamp":"1696511903.0624719","T_map_cam":"[[-0.99496010,-0.00000029,0.10027158,-1.05103611],[-0.10027158,0.00000024,-0.99496010,0.92393732],[0.00000027,-1.00000000,-0.00000027,1.50499666],[0.00000000,0.00000000,0.00000000,1.00000000]]","center_3d":"[-1.31186879,-0.20680539,1.46178186]","nearest_3d":"[-1.32429194,0.91709644,1.45513022]","type":"wall-left"},"4":{"unique_id":"fe89b210-dcbc-44c4-a137-590312f43743","ros_timestamp":"1696511903.0624719","T_map_cam":"[[-0.99496010,-0.00000029,0.10027158,-1.05103611],[-0.10027158,0.00000024,-0.99496010,0.92393732],[0.00000027,-1.00000000,-0.00000027,1.50499666],[0.00000000,0.00000000,0.00000000,1.00000000]]","center_3d":"[0.00304624,0.73114747,0.70368868]","nearest_3d":"[-0.15403453,0.72999775,0.75222683]","type":"obstacle"}}