{"0":{"unique_id":"c6dcb9c0-5c8a-44a8-90ed-7051471b8ef9","ros_timestamp":"1696255435.9742732","T_map_cam":"[[0.99920011,0.00000028,-0.03998930,0.01988145],[0.03998930,-0.00000026,0.99920011,-0.49677002],[0.00000027,-1.00000000,-0.00000027,0.99997541],[0.00000000,0.00000000,0.00000000,1.00000000]]","center_3d":"[-1.36481071,2.07964325,1.05301940]","nearest_3d":"[-1.36022377,1.74837208,0.95049083]","type":"wall-left"},"1":{"unique_id":"2e67c84d-3388-42f5-9b2a-2a9326b163d0","ros_timestamp":"1696255435.9742732","T_map_cam":"[[0.99920011,0.00000028,-0.03998930,0.01988145],[0.03998930,-0.00000026,0.99920011,-0.49677002],[0.00000027,-1.00000000,-0.00000027,0.99997541],[0.00000000,0.00000000,0.00000000,1.00000000]]","center_3d":"[1.28423870,2.24241567,1.06755459]","nearest_3d":"[1.29063284,1.94847918,0.95106316]","type":"wall-right"},"2":{"unique_id":"8cc05e5f-8ac1-4995-9f56-326c2a861cf9","ros_timestamp":"1696255435.9742732","T_map_cam":"[[0.99920011,0.00000028,-0.03998930,0.01988145],[0.03998930,-0.00000026,0.99920011,-0.49677002],[0.00000027,-1.00000000,-0.00000027,0.99997541],[0.00000000,0.00000000,0.00000000,1.00000000]]","center_3d":"[-0.01650326,0.71788639,0.66102862]","nearest_3d":"[0.17630666,0.69851935,0.65293211]","type":"obstacle"}}