{"0":{"unique_id":"c6dcb9c0-5c8a-44a8-90ed-7051471b8ef9","ros_timestamp":"1696255445.9756281","T_map_cam":"[[0.84725513,0.00000037,-0.53118617,0.26408866],[0.53118617,-0.00000008,0.84725513,-0.42122786],[0.00000027,-1.00000000,-0.00000027,0.99997541],[0.00000000,0.00000000,0.00000000,1.00000000]]","center_3d":"[-1.34850228,1.50893927,1.10779917]","nearest_3d":"[-1.33297586,0.46088204,0.95060158]","type":"wall-left"},"1":{"unique_id":"2e67c84d-3388-42f5-9b2a-2a9326b163d0","ros_timestamp":"1696255445.9756281","T_map_cam":"[[0.84725513,0.00000037,-0.53118617,0.26408866],[0.53118617,-0.00000008,0.84725513,-0.42122786],[0.00000027,-1.00000000,-0.00000027,0.99997541],[0.00000000,0.00000000,0.00000000,1.00000000]]","center_3d":"[1.29451060,2.36859775,1.16701949]","nearest_3d":"[1.29069805,1.94380617,0.95079589]","type":"wall-right"},"2":{"unique_id":"9a9e1a1b-8cf9-41b3-b059-f569bea90fe4","ros_timestamp":"1696255445.9756281","T_map_cam":"[[0.84725513,0.00000037,-0.53118617,0.26408866],[0.53118617,-0.00000008,0.84725513,-0.42122786],[0.00000027,-1.00000000,-0.00000027,0.99997541],[0.00000000,0.00000000,0.00000000,1.00000000]]","center_3d":"[0.37695315,2.93233323,1.19972181]","nearest_3d":"[0.22123571,2.93065548,0.95199466]","type":"wall-front"},"3":{"unique_id":"8cc05e5f-8ac1-4995-9f56-326c2a861cf9","ros_timestamp":"1696255445.9756281","T_map_cam":"[[0.84725513,0.00000037,-0.53118617,0.26408866],[0.53118617,-0.00000008,0.84725513,-0.42122786],[0.00000027,-1.00000000,-0.00000027,0.99997541],[0.00000000,0.00000000,0.00000000,1.00000000]]","center_3d":"[-0.01024226,0.72065538,0.66967684]","nearest_3d":"[0.18634497,0.69390416,0.64399529]","type":"obstacle"},"4":{"unique_id":"adb6b55a-84ca-4422-a5df-956bc6260640","ros_timestamp":"1696255445.9756281","T_map_cam":"[[0.84725513,0.00000037,-0.53118617,0.26408866],[0.53118617,-0.00000008,0.84725513,-0.42122786],[0.00000027,-1.00000000,-0.00000027,0.99997541],[0.00000000,0.00000000,0.00000000,1.00000000]]","center_3d":"[0.18585250,0.98294771,0.56307745]","nearest_3d":"[0.18585250,0.98294771,0.56307745]","type":"obstacle"}}