{"0":{"unique_id":"c6dcb9c0-5c8a-44a8-90ed-7051471b8ef9","ros_timestamp":"1696255446.2921488","T_map_cam":"[[0.84190099,0.00000037,-0.53963202,0.26828767],[0.53963202,-0.00000008,0.84190099,-0.41856595],[0.00000027,-1.00000000,-0.00000027,0.99997541],[0.00000000,0.00000000,0.00000000,1.00000000]]","center_3d":"[-1.34324777,1.50463474,1.10560381]","nearest_3d":"[-1.32982731,0.43712750,0.95060706]","type":"wall-left"},"1":{"unique_id":"2e67c84d-3388-42f5-9b2a-2a9326b163d0","ros_timestamp":"1696255446.2921488","T_map_cam":"[[0.84190099,0.00000037,-0.53963202,0.26828767],[0.53963202,-0.00000008,0.84190099,-0.41856595],[0.00000027,-1.00000000,-0.00000027,0.99997541],[0.00000000,0.00000000,0.00000000,1.00000000]]","center_3d":"[1.29451060,2.36859775,1.16701949]","nearest_3d":"[1.29069805,1.94380617,0.95079589]","type":"wall-right"},"2":{"unique_id":"9a9e1a1b-8cf9-41b3-b059-f569bea90fe4","ros_timestamp":"1696255446.2921488","T_map_cam":"[[0.84190099,0.00000037,-0.53963202,0.26828767],[0.53963202,-0.00000008,0.84190099,-0.41856595],[0.00000027,-1.00000000,-0.00000027,0.99997541],[0.00000000,0.00000000,0.00000000,1.00000000]]","center_3d":"[0.37610903,2.93221807,1.19970810]","nearest_3d":"[0.30492175,2.93070531,0.95220411]","type":"wall-front"},"3":{"unique_id":"8cc05e5f-8ac1-4995-9f56-326c2a861cf9","ros_timestamp":"1696255446.2921488","T_map_cam":"[[0.84190099,0.00000037,-0.53963202,0.26828767],[0.53963202,-0.00000008,0.84190099,-0.41856595],[0.00000027,-1.00000000,-0.00000027,0.99997541],[0.00000000,0.00000000,0.00000000,1.00000000]]","center_3d":"[-0.01215845,0.72109514,0.67490262]","nearest_3d":"[0.18513761,0.69504434,0.65110046]","type":"obstacle"},"4":{"unique_id":"adb6b55a-84ca-4422-a5df-956bc6260640","ros_timestamp":"1696255446.2921488","T_map_cam":"[[0.84190099,0.00000037,-0.53963202,0.26828767],[0.53963202,-0.00000008,0.84190099,-0.41856595],[0.00000027,-1.00000000,-0.00000027,0.99997541],[0.00000000,0.00000000,0.00000000,1.00000000]]","center_3d":"[0.18585250,0.98294771,0.56307745]","nearest_3d":"[0.18585250,0.98294771,0.56307745]","type":"obstacle"}}