{"0":{"unique_id":"c6dcb9c0-5c8a-44a8-90ed-7051471b8ef9","ros_timestamp":"1696255543.1783855","T_map_cam":"[[0.35003736,-0.00000016,0.93673574,-0.46571474],[-0.93673574,-0.00000035,0.35003736,-0.17402733],[0.00000027,-1.00000000,-0.00000027,0.99997541],[0.00000000,0.00000000,0.00000000,1.00000000]]","center_3d":"[-1.31890643,-0.53672194,1.07128561]","nearest_3d":"[-1.32470226,-0.18805996,0.95064765]","type":"wall-left"},"1":{"unique_id":"2e67c84d-3388-42f5-9b2a-2a9326b163d0","ros_timestamp":"1696255543.1783855","T_map_cam":"[[0.35003736,-0.00000016,0.93673574,-0.46571474],[-0.93673574,-0.00000035,0.35003736,-0.17402733],[0.00000027,-1.00000000,-0.00000027,0.99997541],[0.00000000,0.00000000,0.00000000,1.00000000]]","center_3d":"[1.32015204,0.42513844,1.05690181]","nearest_3d":"[1.32751858,-0.13462952,0.95074528]","type":"wall-right"},"2":{"unique_id":"9a9e1a1b-8cf9-41b3-b059-f569bea90fe4","ros_timestamp":"1696255543.1783855","T_map_cam":"[[0.35003736,-0.00000016,0.93673574,-0.46571474],[-0.93673574,-0.00000035,0.35003736,-0.17402733],[0.00000027,-1.00000000,-0.00000027,0.99997541],[0.00000000,0.00000000,0.00000000,1.00000000]]","center_3d":"[-0.03962892,2.92744255,1.26285625]","nearest_3d":"[-0.46935704,2.92340660,0.95193309]","type":"wall-front"},"3":{"unique_id":"dc9b4d88-0141-4c3e-96cf-54856fb71809","ros_timestamp":"1696255543.1783855","T_map_cam":"[[0.35003736,-0.00000016,0.93673574,-0.46571474],[-0.93673574,-0.00000035,0.35003736,-0.17402733],[0.00000027,-1.00000000,-0.00000027,0.99997541],[0.00000000,0.00000000,0.00000000,1.00000000]]","center_3d":"[0.01943017,-2.92774367,1.21708429]","nearest_3d":"[-0.42615384,-2.93298483,0.95190811]","type":"wall-back"},"4":{"unique_id":"8cc05e5f-8ac1-4995-9f56-326c2a861cf9","ros_timestamp":"1696255543.1783855","T_map_cam":"[[0.35003736,-0.00000016,0.93673574,-0.46571474],[-0.93673574,-0.00000035,0.35003736,-0.17402733],[0.00000027,-1.00000000,-0.00000027,0.99997541],[0.00000000,0.00000000,0.00000000,1.00000000]]","center_3d":"[0.44129705,-1.64597654,0.49626258]","nearest_3d":"[0.39521849,-1.44545460,0.78818768]","type":"obstacle"},"5":{"unique_id":"adb6b55a-84ca-4422-a5df-956bc6260640","ros_timestamp":"1696255543.1783855","T_map_cam":"[[0.35003736,-0.00000016,0.93673574,-0.46571474],[-0.93673574,-0.00000035,0.35003736,-0.17402733],[0.00000027,-1.00000000,-0.00000027,0.99997541],[0.00000000,0.00000000,0.00000000,1.00000000]]","center_3d":"[-0.01113316,0.73787469,0.67669815]","nearest_3d":"[-0.20692565,0.68910581,0.66627502]","type":"obstacle"}}