{"0":{"unique_id":"c6dcb9c0-5c8a-44a8-90ed-7051471b8ef9","ros_timestamp":"1696255436.9629838","T_map_cam":"[[0.99680171,0.00000029,-0.07991466,0.03973105],[0.07991466,-0.00000025,0.99680171,-0.49557761],[0.00000027,-1.00000000,-0.00000027,0.99997541],[0.00000000,0.00000000,0.00000000,1.00000000]]","center_3d":"[-1.35155404,2.01094627,1.13189697]","nearest_3d":"[-1.34566653,1.56392658,0.95098555]","type":"wall-left"},"1":{"unique_id":"2e67c84d-3388-42f5-9b2a-2a9326b163d0","ros_timestamp":"1696255436.9629838","T_map_cam":"[[0.99680171,0.00000029,-0.07991466,0.03973105],[0.07991466,-0.00000025,0.99680171,-0.49557761],[0.00000027,-1.00000000,-0.00000027,0.99997541],[0.00000000,0.00000000,0.00000000,1.00000000]]","center_3d":"[1.29499090,2.26551914,1.09252858]","nearest_3d":"[1.29069805,1.94380617,0.95079589]","type":"wall-right"},"2":{"unique_id":"8cc05e5f-8ac1-4995-9f56-326c2a861cf9","ros_timestamp":"1696255436.9629838","T_map_cam":"[[0.99680171,0.00000029,-0.07991466,0.03973105],[0.07991466,-0.00000025,0.99680171,-0.49557761],[0.00000027,-1.00000000,-0.00000027,0.99997541],[0.00000000,0.00000000,0.00000000,1.00000000]]","center_3d":"[0.00010180,0.71937233,0.66347325]","nearest_3d":"[0.17902464,0.70139033,0.65789288]","type":"obstacle"}}