{"0":{"unique_id":"c6dcb9c0-5c8a-44a8-90ed-7051471b8ef9","ros_timestamp":"1696255447.083552","T_map_cam":"[[0.81964803,0.00000037,-0.57286744,0.28481124],[0.57286744,-0.00000007,0.81964803,-0.40750250],[0.00000027,-1.00000000,-0.00000027,0.99997541],[0.00000000,0.00000000,0.00000000,1.00000000]]","center_3d":"[-1.34441996,1.46811438,1.10571980]","nearest_3d":"[-1.33106971,0.39403537,0.95072794]","type":"wall-left"},"1":{"unique_id":"2e67c84d-3388-42f5-9b2a-2a9326b163d0","ros_timestamp":"1696255447.083552","T_map_cam":"[[0.81964803,0.00000037,-0.57286744,0.28481124],[0.57286744,-0.00000007,0.81964803,-0.40750250],[0.00000027,-1.00000000,-0.00000027,0.99997541],[0.00000000,0.00000000,0.00000000,1.00000000]]","center_3d":"[1.29451060,2.36859775,1.16701949]","nearest_3d":"[1.29069805,1.94380617,0.95079589]","type":"wall-right"},"2":{"unique_id":"9a9e1a1b-8cf9-41b3-b059-f569bea90fe4","ros_timestamp":"1696255447.083552","T_map_cam":"[[0.81964803,0.00000037,-0.57286744,0.28481124],[0.57286744,-0.00000007,0.81964803,-0.40750250],[0.00000027,-1.00000000,-0.00000027,0.99997541],[0.00000000,0.00000000,0.00000000,1.00000000]]","center_3d":"[0.28895131,2.93125582,1.21300721]","nearest_3d":"[0.30492175,2.93070531,0.95220411]","type":"wall-front"},"3":{"unique_id":"8cc05e5f-8ac1-4995-9f56-326c2a861cf9","ros_timestamp":"1696255447.083552","T_map_cam":"[[0.81964803,0.00000037,-0.57286744,0.28481124],[0.57286744,-0.00000007,0.81964803,-0.40750250],[0.00000027,-1.00000000,-0.00000027,0.99997541],[0.00000000,0.00000000,0.00000000,1.00000000]]","center_3d":"[-0.00076098,0.73690444,0.67585564]","nearest_3d":"[0.19359295,0.69721371,0.64661509]","type":"obstacle"},"4":{"unique_id":"adb6b55a-84ca-4422-a5df-956bc6260640","ros_timestamp":"1696255447.083552","T_map_cam":"[[0.81964803,0.00000037,-0.57286744,0.28481124],[0.57286744,-0.00000007,0.81964803,-0.40750250],[0.00000027,-1.00000000,-0.00000027,0.99997541],[0.00000000,0.00000000,0.00000000,1.00000000]]","center_3d":"[0.18585250,0.98294771,0.56307745]","nearest_3d":"[0.18585250,0.98294771,0.56307745]","type":"obstacle"}}