{"0":{"unique_id":"c6dcb9c0-5c8a-44a8-90ed-7051471b8ef9","ros_timestamp":"1696255447.2059572","T_map_cam":"[[0.81964803,0.00000037,-0.57286744,0.28481124],[0.57286744,-0.00000007,0.81964803,-0.40750250],[0.00000027,-1.00000000,-0.00000027,0.99997541],[0.00000000,0.00000000,0.00000000,1.00000000]]","center_3d":"[-1.34217572,1.49028254,1.04858398]","nearest_3d":"[-1.33004165,0.39422023,0.95073116]","type":"wall-left"},"1":{"unique_id":"2e67c84d-3388-42f5-9b2a-2a9326b163d0","ros_timestamp":"1696255447.2059572","T_map_cam":"[[0.81964803,0.00000037,-0.57286744,0.28481124],[0.57286744,-0.00000007,0.81964803,-0.40750250],[0.00000027,-1.00000000,-0.00000027,0.99997541],[0.00000000,0.00000000,0.00000000,1.00000000]]","center_3d":"[1.29451060,2.36859775,1.16701949]","nearest_3d":"[1.29069805,1.94380617,0.95079589]","type":"wall-right"},"2":{"unique_id":"9a9e1a1b-8cf9-41b3-b059-f569bea90fe4","ros_timestamp":"1696255447.2059572","T_map_cam":"[[0.81964803,0.00000037,-0.57286744,0.28481124],[0.57286744,-0.00000007,0.81964803,-0.40750250],[0.00000027,-1.00000000,-0.00000027,0.99997541],[0.00000000,0.00000000,0.00000000,1.00000000]]","center_3d":"[0.28963751,2.93127179,1.21300721]","nearest_3d":"[0.30492175,2.93070531,0.95220411]","type":"wall-front"},"3":{"unique_id":"8cc05e5f-8ac1-4995-9f56-326c2a861cf9","ros_timestamp":"1696255447.2059572","T_map_cam":"[[0.81964803,0.00000037,-0.57286744,0.28481124],[0.57286744,-0.00000007,0.81964803,-0.40750250],[0.00000027,-1.00000000,-0.00000027,0.99997541],[0.00000000,0.00000000,0.00000000,1.00000000]]","center_3d":"[-0.00034455,0.73698336,0.67581236]","nearest_3d":"[0.19360246,0.69721729,0.64661860]","type":"obstacle"}}