{"0":{"unique_id":"c6dcb9c0-5c8a-44a8-90ed-7051471b8ef9","ros_timestamp":"1696255437.0859838","T_map_cam":"[[0.99595274,0.00000029,-0.08987852,0.04468476],[0.08987852,-0.00000024,0.99595274,-0.49515553],[0.00000027,-1.00000000,-0.00000027,0.99997541],[0.00000000,0.00000000,0.00000000,1.00000000]]","center_3d":"[-1.34892190,2.01030397,1.13190675]","nearest_3d":"[-1.34312320,1.55892539,0.95093703]","type":"wall-left"},"1":{"unique_id":"2e67c84d-3388-42f5-9b2a-2a9326b163d0","ros_timestamp":"1696255437.0859838","T_map_cam":"[[0.99595274,0.00000029,-0.08987852,0.04468476],[0.08987852,-0.00000024,0.99595274,-0.49515553],[0.00000027,-1.00000000,-0.00000027,0.99997541],[0.00000000,0.00000000,0.00000000,1.00000000]]","center_3d":"[1.29516983,2.26822853,1.09600961]","nearest_3d":"[1.29069805,1.94380617,0.95079589]","type":"wall-right"},"2":{"unique_id":"8cc05e5f-8ac1-4995-9f56-326c2a861cf9","ros_timestamp":"1696255437.0859838","T_map_cam":"[[0.99595274,0.00000029,-0.08987852,0.04468476],[0.08987852,-0.00000024,0.99595274,-0.49515553],[0.00000027,-1.00000000,-0.00000027,0.99997541],[0.00000000,0.00000000,0.00000000,1.00000000]]","center_3d":"[0.00883084,0.72062528,0.66873145]","nearest_3d":"[0.17883936,0.69852018,0.65671319]","type":"obstacle"}}