{"0":{"unique_id":"c6dcb9c0-5c8a-44a8-90ed-7051471b8ef9","ros_timestamp":"1696255448.4057736","T_map_cam":"[[0.78999225,0.00000038,-0.61311683,0.30482193],[0.61311683,-0.00000005,0.78999225,-0.39275860],[0.00000027,-1.00000000,-0.00000027,0.99997541],[0.00000000,0.00000000,0.00000000,1.00000000]]","center_3d":"[-1.34719968,1.48289526,1.04671109]","nearest_3d":"[-1.33117378,0.34608757,0.95069510]","type":"wall-left"},"1":{"unique_id":"2e67c84d-3388-42f5-9b2a-2a9326b163d0","ros_timestamp":"1696255448.4057736","T_map_cam":"[[0.78999225,0.00000038,-0.61311683,0.30482193],[0.61311683,-0.00000005,0.78999225,-0.39275860],[0.00000027,-1.00000000,-0.00000027,0.99997541],[0.00000000,0.00000000,0.00000000,1.00000000]]","center_3d":"[1.29451060,2.36859775,1.16701949]","nearest_3d":"[1.29069805,1.94380617,0.95079589]","type":"wall-right"},"2":{"unique_id":"9a9e1a1b-8cf9-41b3-b059-f569bea90fe4","ros_timestamp":"1696255448.4057736","T_map_cam":"[[0.78999225,0.00000038,-0.61311683,0.30482193],[0.61311683,-0.00000005,0.78999225,-0.39275860],[0.00000027,-1.00000000,-0.00000027,0.99997541],[0.00000000,0.00000000,0.00000000,1.00000000]]","center_3d":"[0.23067234,2.93050480,1.21196413]","nearest_3d":"[0.30492175,2.93070531,0.95220411]","type":"wall-front"},"3":{"unique_id":"8cc05e5f-8ac1-4995-9f56-326c2a861cf9","ros_timestamp":"1696255448.4057736","T_map_cam":"[[0.78999225,0.00000038,-0.61311683,0.30482193],[0.61311683,-0.00000005,0.78999225,-0.39275860],[0.00000027,-1.00000000,-0.00000027,0.99997541],[0.00000000,0.00000000,0.00000000,1.00000000]]","center_3d":"[-0.00316535,0.73670506,0.67349410]","nearest_3d":"[0.19360262,0.69721735,0.64661860]","type":"obstacle"}}