{"0":{"unique_id":"c6dcb9c0-5c8a-44a8-90ed-7051471b8ef9","ros_timestamp":"1696255437.1755323","T_map_cam":"[[0.99595274,0.00000029,-0.08987852,0.04468476],[0.08987852,-0.00000024,0.99595274,-0.49515553],[0.00000027,-1.00000000,-0.00000027,0.99997541],[0.00000000,0.00000000,0.00000000,1.00000000]]","center_3d":"[-1.35049164,1.95635617,1.12046075]","nearest_3d":"[-1.33995581,1.48796916,0.95073003]","type":"wall-left"},"1":{"unique_id":"2e67c84d-3388-42f5-9b2a-2a9326b163d0","ros_timestamp":"1696255437.1755323","T_map_cam":"[[0.99595274,0.00000029,-0.08987852,0.04468476],[0.08987852,-0.00000024,0.99595274,-0.49515553],[0.00000027,-1.00000000,-0.00000027,0.99997541],[0.00000000,0.00000000,0.00000000,1.00000000]]","center_3d":"[1.29501951,2.27106309,1.09944940]","nearest_3d":"[1.29069805,1.94380617,0.95079589]","type":"wall-right"},"2":{"unique_id":"8cc05e5f-8ac1-4995-9f56-326c2a861cf9","ros_timestamp":"1696255437.1755323","T_map_cam":"[[0.99595274,0.00000029,-0.08987852,0.04468476],[0.08987852,-0.00000024,0.99595274,-0.49515553],[0.00000027,-1.00000000,-0.00000027,0.99997541],[0.00000000,0.00000000,0.00000000,1.00000000]]","center_3d":"[0.00574774,0.72060454,0.66915452]","nearest_3d":"[0.17879611,0.69837379,0.65688515]","type":"obstacle"}}