{"0":{"unique_id":"c6dcb9c0-5c8a-44a8-90ed-7051471b8ef9","ros_timestamp":"1696255449.1559398","T_map_cam":"[[0.76484221,0.00000038,-0.64421766,0.32028426],[0.64421766,-0.00000003,0.76484221,-0.38025481],[0.00000027,-1.00000000,-0.00000027,0.99997541],[0.00000000,0.00000000,0.00000000,1.00000000]]","center_3d":"[-1.34298170,1.44190049,1.04493082]","nearest_3d":"[-1.32885408,0.28406858,0.95065868]","type":"wall-left"},"1":{"unique_id":"2e67c84d-3388-42f5-9b2a-2a9326b163d0","ros_timestamp":"1696255449.1559398","T_map_cam":"[[0.76484221,0.00000038,-0.64421766,0.32028426],[0.64421766,-0.00000003,0.76484221,-0.38025481],[0.00000027,-1.00000000,-0.00000027,0.99997541],[0.00000000,0.00000000,0.00000000,1.00000000]]","center_3d":"[1.29451060,2.36859775,1.16701949]","nearest_3d":"[1.29069805,1.94380617,0.95079589]","type":"wall-right"},"2":{"unique_id":"9a9e1a1b-8cf9-41b3-b059-f569bea90fe4","ros_timestamp":"1696255449.1559398","T_map_cam":"[[0.76484221,0.00000038,-0.64421766,0.32028426],[0.64421766,-0.00000003,0.76484221,-0.38025481],[0.00000027,-1.00000000,-0.00000027,0.99997541],[0.00000000,0.00000000,0.00000000,1.00000000]]","center_3d":"[0.18602577,2.93011904,1.22197759]","nearest_3d":"[0.30492175,2.93070531,0.95220411]","type":"wall-front"},"3":{"unique_id":"8cc05e5f-8ac1-4995-9f56-326c2a861cf9","ros_timestamp":"1696255449.1559398","T_map_cam":"[[0.76484221,0.00000038,-0.64421766,0.32028426],[0.64421766,-0.00000003,0.76484221,-0.38025481],[0.00000027,-1.00000000,-0.00000027,0.99997541],[0.00000000,0.00000000,0.00000000,1.00000000]]","center_3d":"[-0.00211771,0.73737925,0.67447847]","nearest_3d":"[0.19360262,0.69721740,0.64661860]","type":"obstacle"}}