{"0":{"unique_id":"c6dcb9c0-5c8a-44a8-90ed-7051471b8ef9","ros_timestamp":"1696255437.362949","T_map_cam":"[[0.99500417,0.00000029,-0.09983339,0.04963400],[0.09983339,-0.00000024,0.99500417,-0.49468393],[0.00000027,-1.00000000,-0.00000027,0.99997541],[0.00000000,0.00000000,0.00000000,1.00000000]]","center_3d":"[-1.35127759,1.94513857,1.12045836]","nearest_3d":"[-1.34474421,1.46897650,0.95092869]","type":"wall-left"},"1":{"unique_id":"2e67c84d-3388-42f5-9b2a-2a9326b163d0","ros_timestamp":"1696255437.362949","T_map_cam":"[[0.99500417,0.00000029,-0.09983339,0.04963400],[0.09983339,-0.00000024,0.99500417,-0.49468393],[0.00000027,-1.00000000,-0.00000027,0.99997541],[0.00000000,0.00000000,0.00000000,1.00000000]]","center_3d":"[1.29561567,2.27804565,1.11737990]","nearest_3d":"[1.29069805,1.94380617,0.95079589]","type":"wall-right"},"2":{"unique_id":"8cc05e5f-8ac1-4995-9f56-326c2a861cf9","ros_timestamp":"1696255437.362949","T_map_cam":"[[0.99500417,0.00000029,-0.09983339,0.04963400],[0.09983339,-0.00000024,0.99500417,-0.49468393],[0.00000027,-1.00000000,-0.00000027,0.99997541],[0.00000000,0.00000000,0.00000000,1.00000000]]","center_3d":"[0.00170623,0.72079158,0.66940016]","nearest_3d":"[0.17841274,0.69854760,0.65718031]","type":"obstacle"}}