{"0":{"unique_id":"c6dcb9c0-5c8a-44a8-90ed-7051471b8ef9","ros_timestamp":"1696255451.8623805","T_map_cam":"[[0.68949845,0.00000038,-0.72428715,0.36009222],[0.72428715,0.00000001,0.68949845,-0.34279632],[0.00000027,-1.00000000,-0.00000027,0.99997541],[0.00000000,0.00000000,0.00000000,1.00000000]]","center_3d":"[-1.34237540,1.39621973,1.04323804]","nearest_3d":"[-1.32707679,0.15831079,0.95071310]","type":"wall-left"},"1":{"unique_id":"2e67c84d-3388-42f5-9b2a-2a9326b163d0","ros_timestamp":"1696255451.8623805","T_map_cam":"[[0.68949845,0.00000038,-0.72428715,0.36009222],[0.72428715,0.00000001,0.68949845,-0.34279632],[0.00000027,-1.00000000,-0.00000027,0.99997541],[0.00000000,0.00000000,0.00000000,1.00000000]]","center_3d":"[1.29451060,2.36859775,1.16701949]","nearest_3d":"[1.29069805,1.94380617,0.95079589]","type":"wall-right"},"2":{"unique_id":"9a9e1a1b-8cf9-41b3-b059-f569bea90fe4","ros_timestamp":"1696255451.8623805","T_map_cam":"[[0.68949845,0.00000038,-0.72428715,0.36009222],[0.72428715,0.00000001,0.68949845,-0.34279632],[0.00000027,-1.00000000,-0.00000027,0.99997541],[0.00000000,0.00000000,0.00000000,1.00000000]]","center_3d":"[0.05534677,2.92871904,1.25069654]","nearest_3d":"[0.30492175,2.93070531,0.95220411]","type":"wall-front"},"3":{"unique_id":"8cc05e5f-8ac1-4995-9f56-326c2a861cf9","ros_timestamp":"1696255451.8623805","T_map_cam":"[[0.68949845,0.00000038,-0.72428715,0.36009222],[0.72428715,0.00000001,0.68949845,-0.34279632],[0.00000027,-1.00000000,-0.00000027,0.99997541],[0.00000000,0.00000000,0.00000000,1.00000000]]","center_3d":"[-0.00469890,0.73849571,0.67793977]","nearest_3d":"[0.19360262,0.69721735,0.64661860]","type":"obstacle"}}