{"0":{"unique_id":"c6dcb9c0-5c8a-44a8-90ed-7051471b8ef9","ros_timestamp":"1696255437.4829767","T_map_cam":"[[0.99395610,0.00000030,-0.10977827,0.05457827],[0.10977827,-0.00000024,0.99395610,-0.49416287],[0.00000027,-1.00000000,-0.00000027,0.99997541],[0.00000000,0.00000000,0.00000000,1.00000000]]","center_3d":"[-1.34845352,1.94332576,1.12045610]","nearest_3d":"[-1.34220099,1.46397138,0.95102811]","type":"wall-left"},"1":{"unique_id":"2e67c84d-3388-42f5-9b2a-2a9326b163d0","ros_timestamp":"1696255437.4829767","T_map_cam":"[[0.99395610,0.00000030,-0.10977827,0.05457827],[0.10977827,-0.00000024,0.99395610,-0.49416287],[0.00000027,-1.00000000,-0.00000027,0.99997541],[0.00000000,0.00000000,0.00000000,1.00000000]]","center_3d":"[1.29564285,2.27859664,1.11734438]","nearest_3d":"[1.29069805,1.94380617,0.95079589]","type":"wall-right"},"2":{"unique_id":"8cc05e5f-8ac1-4995-9f56-326c2a861cf9","ros_timestamp":"1696255437.4829767","T_map_cam":"[[0.99395610,0.00000030,-0.10977827,0.05457827],[0.10977827,-0.00000024,0.99395610,-0.49416287],[0.00000027,-1.00000000,-0.00000027,0.99997541],[0.00000000,0.00000000,0.00000000,1.00000000]]","center_3d":"[0.00493117,0.72106445,0.66992784]","nearest_3d":"[0.17859349,0.69882095,0.65724206]","type":"obstacle"}}