{"0":{"unique_id":"c6dcb9c0-5c8a-44a8-90ed-7051471b8ef9","ros_timestamp":"1696255437.5630043","T_map_cam":"[[0.99395610,0.00000030,-0.10977827,0.05457827],[0.10977827,-0.00000024,0.99395610,-0.49416287],[0.00000027,-1.00000000,-0.00000027,0.99997541],[0.00000000,0.00000000,0.00000000,1.00000000]]","center_3d":"[-1.35556531,1.93629956,1.12045515]","nearest_3d":"[-1.34819055,1.45473409,0.95107794]","type":"wall-left"},"1":{"unique_id":"2e67c84d-3388-42f5-9b2a-2a9326b163d0","ros_timestamp":"1696255437.5630043","T_map_cam":"[[0.99395610,0.00000030,-0.10977827,0.05457827],[0.10977827,-0.00000024,0.99395610,-0.49416287],[0.00000027,-1.00000000,-0.00000027,0.99997541],[0.00000000,0.00000000,0.00000000,1.00000000]]","center_3d":"[1.29447937,2.29561901,1.11950195]","nearest_3d":"[1.29069805,1.94380617,0.95079589]","type":"wall-right"},"2":{"unique_id":"8cc05e5f-8ac1-4995-9f56-326c2a861cf9","ros_timestamp":"1696255437.5630043","T_map_cam":"[[0.99395610,0.00000030,-0.10977827,0.05457827],[0.10977827,-0.00000024,0.99395610,-0.49416287],[0.00000027,-1.00000000,-0.00000027,0.99997541],[0.00000000,0.00000000,0.00000000,1.00000000]]","center_3d":"[0.00263481,0.72091585,0.67002034]","nearest_3d":"[0.17749023,0.69913256,0.65725231]","type":"obstacle"}}