{"0":{"unique_id":"c6dcb9c0-5c8a-44a8-90ed-7051471b8ef9","ros_timestamp":"1696255437.6629536","T_map_cam":"[[0.99280864,0.00000030,-0.11971218,0.05951709],[0.11971218,-0.00000023,0.99280864,-0.49359239],[0.00000027,-1.00000000,-0.00000027,0.99997541],[0.00000000,0.00000000,0.00000000,1.00000000]]","center_3d":"[-1.35054481,1.93381250,1.12047255]","nearest_3d":"[-1.34379411,1.44402719,0.95107377]","type":"wall-left"},"1":{"unique_id":"2e67c84d-3388-42f5-9b2a-2a9326b163d0","ros_timestamp":"1696255437.6629536","T_map_cam":"[[0.99280864,0.00000030,-0.11971218,0.05951709],[0.11971218,-0.00000023,0.99280864,-0.49359239],[0.00000027,-1.00000000,-0.00000027,0.99997541],[0.00000000,0.00000000,0.00000000,1.00000000]]","center_3d":"[1.29520500,2.30954766,1.12433326]","nearest_3d":"[1.29069805,1.94380617,0.95079589]","type":"wall-right"},"2":{"unique_id":"8cc05e5f-8ac1-4995-9f56-326c2a861cf9","ros_timestamp":"1696255437.6629536","T_map_cam":"[[0.99280864,0.00000030,-0.11971218,0.05951709],[0.11971218,-0.00000023,0.99280864,-0.49359239],[0.00000027,-1.00000000,-0.00000027,0.99997541],[0.00000000,0.00000000,0.00000000,1.00000000]]","center_3d":"[0.00647021,0.71988052,0.66862273]","nearest_3d":"[0.17743884,0.69934279,0.65733033]","type":"obstacle"}}