{"0":{"unique_id":"c6dcb9c0-5c8a-44a8-90ed-7051471b8ef9","ros_timestamp":"1696255437.778979","T_map_cam":"[[0.99156190,0.00000030,-0.12963411,0.06444995],[0.12963411,-0.00000023,0.99156190,-0.49297255],[0.00000027,-1.00000000,-0.00000027,0.99997541],[0.00000000,0.00000000,0.00000000,1.00000000]]","center_3d":"[-1.35068405,1.92743766,1.12048006]","nearest_3d":"[-1.34503734,1.43259501,0.95094633]","type":"wall-left"},"1":{"unique_id":"2e67c84d-3388-42f5-9b2a-2a9326b163d0","ros_timestamp":"1696255437.778979","T_map_cam":"[[0.99156190,0.00000030,-0.12963411,0.06444995],[0.12963411,-0.00000023,0.99156190,-0.49297255],[0.00000027,-1.00000000,-0.00000027,0.99997541],[0.00000000,0.00000000,0.00000000,1.00000000]]","center_3d":"[1.29506493,2.31004953,1.12114370]","nearest_3d":"[1.29069805,1.94380617,0.95079589]","type":"wall-right"},"2":{"unique_id":"8cc05e5f-8ac1-4995-9f56-326c2a861cf9","ros_timestamp":"1696255437.778979","T_map_cam":"[[0.99156190,0.00000030,-0.12963411,0.06444995],[0.12963411,-0.00000023,0.99156190,-0.49297255],[0.00000027,-1.00000000,-0.00000027,0.99997541],[0.00000000,0.00000000,0.00000000,1.00000000]]","center_3d":"[0.00401554,0.72003394,0.66964877]","nearest_3d":"[0.17838040,0.69787520,0.65777636]","type":"obstacle"}}