{"0":{"unique_id":"c6dcb9c0-5c8a-44a8-90ed-7051471b8ef9","ros_timestamp":"1696255455.1778355","T_map_cam":"[[0.58978805,0.00000037,-0.80755808,0.40149184],[0.80755808,0.00000006,0.58978805,-0.29322352],[0.00000027,-1.00000000,-0.00000027,0.99997541],[0.00000000,0.00000000,0.00000000,1.00000000]]","center_3d":"[-1.34125423,1.31534457,1.03837609]","nearest_3d":"[-1.32448959,-0.04873951,0.95072836]","type":"wall-left"},"1":{"unique_id":"2e67c84d-3388-42f5-9b2a-2a9326b163d0","ros_timestamp":"1696255455.1778355","T_map_cam":"[[0.58978805,0.00000037,-0.80755808,0.40149184],[0.80755808,0.00000006,0.58978805,-0.29322352],[0.00000027,-1.00000000,-0.00000027,0.99997541],[0.00000000,0.00000000,0.00000000,1.00000000]]","center_3d":"[1.29423416,2.36881065,1.12986362]","nearest_3d":"[1.29069805,1.94380617,0.95079589]","type":"wall-right"},"2":{"unique_id":"9a9e1a1b-8cf9-41b3-b059-f569bea90fe4","ros_timestamp":"1696255455.1778355","T_map_cam":"[[0.58978805,0.00000037,-0.80755808,0.40149184],[0.80755808,0.00000006,0.58978805,-0.29322352],[0.00000027,-1.00000000,-0.00000027,0.99997541],[0.00000000,0.00000000,0.00000000,1.00000000]]","center_3d":"[-0.03978864,2.92744064,1.26632428]","nearest_3d":"[0.30492175,2.93070531,0.95220411]","type":"wall-front"},"3":{"unique_id":"8cc05e5f-8ac1-4995-9f56-326c2a861cf9","ros_timestamp":"1696255455.1778355","T_map_cam":"[[0.58978805,0.00000037,-0.80755808,0.40149184],[0.80755808,0.00000006,0.58978805,-0.29322352],[0.00000027,-1.00000000,-0.00000027,0.99997541],[0.00000000,0.00000000,0.00000000,1.00000000]]","center_3d":"[-0.00908634,0.73916531,0.67613131]","nearest_3d":"[0.19360262,0.69721735,0.64661860]","type":"obstacle"}}