{"0":{"unique_id":"c6dcb9c0-5c8a-44a8-90ed-7051471b8ef9","ros_timestamp":"1696255437.8630645","T_map_cam":"[[0.99156190,0.00000030,-0.12963411,0.06444995],[0.12963411,-0.00000023,0.99156190,-0.49297255],[0.00000027,-1.00000000,-0.00000027,0.99997541],[0.00000000,0.00000000,0.00000000,1.00000000]]","center_3d":"[-1.35652506,1.91708016,1.11616910]","nearest_3d":"[-1.35321939,1.39758050,0.95089167]","type":"wall-left"},"1":{"unique_id":"2e67c84d-3388-42f5-9b2a-2a9326b163d0","ros_timestamp":"1696255437.8630645","T_map_cam":"[[0.99156190,0.00000030,-0.12963411,0.06444995],[0.12963411,-0.00000023,0.99156190,-0.49297255],[0.00000027,-1.00000000,-0.00000027,0.99997541],[0.00000000,0.00000000,0.00000000,1.00000000]]","center_3d":"[1.29504502,2.31224465,1.12431347]","nearest_3d":"[1.29069805,1.94380617,0.95079589]","type":"wall-right"},"2":{"unique_id":"8cc05e5f-8ac1-4995-9f56-326c2a861cf9","ros_timestamp":"1696255437.8630645","T_map_cam":"[[0.99156190,0.00000030,-0.12963411,0.06444995],[0.12963411,-0.00000023,0.99156190,-0.49297255],[0.00000027,-1.00000000,-0.00000027,0.99997541],[0.00000000,0.00000000,0.00000000,1.00000000]]","center_3d":"[0.00122131,0.72018790,0.67019314]","nearest_3d":"[0.17716929,0.69752991,0.65798879]","type":"obstacle"}}