{"0":{"unique_id":"c6dcb9c0-5c8a-44a8-90ed-7051471b8ef9","ros_timestamp":"1696255438.0628202","T_map_cam":"[[0.99021600,0.00000030,-0.13954309,0.06937637],[0.13954309,-0.00000023,0.99021600,-0.49230341],[0.00000027,-1.00000000,-0.00000027,0.99997541],[0.00000000,0.00000000,0.00000000,1.00000000]]","center_3d":"[-1.34858990,1.93412519,1.11615419]","nearest_3d":"[-1.34252572,1.39141071,0.95089638]","type":"wall-left"},"1":{"unique_id":"2e67c84d-3388-42f5-9b2a-2a9326b163d0","ros_timestamp":"1696255438.0628202","T_map_cam":"[[0.99021600,0.00000030,-0.13954309,0.06937637],[0.13954309,-0.00000023,0.99021600,-0.49230341],[0.00000027,-1.00000000,-0.00000027,0.99997541],[0.00000000,0.00000000,0.00000000,1.00000000]]","center_3d":"[1.29503620,2.31384635,1.12115681]","nearest_3d":"[1.29069805,1.94380617,0.95079589]","type":"wall-right"},"2":{"unique_id":"8cc05e5f-8ac1-4995-9f56-326c2a861cf9","ros_timestamp":"1696255438.0628202","T_map_cam":"[[0.99021600,0.00000030,-0.13954309,0.06937637],[0.13954309,-0.00000023,0.99021600,-0.49230341],[0.00000027,-1.00000000,-0.00000027,0.99997541],[0.00000000,0.00000000,0.00000000,1.00000000]]","center_3d":"[0.00142800,0.72042531,0.66930836]","nearest_3d":"[0.18667814,0.69764853,0.64496809]","type":"obstacle"}}