{"0":{"unique_id":"c6dcb9c0-5c8a-44a8-90ed-7051471b8ef9","ros_timestamp":"1696255458.0616539","T_map_cam":"[[0.47132839,0.00000036,-0.88195779,0.43848096],[0.88195779,0.00000011,0.47132839,-0.23432920],[0.00000027,-1.00000000,-0.00000027,0.99997541],[0.00000000,0.00000000,0.00000000,1.00000000]]","center_3d":"[-1.33937335,1.32748842,1.04878330]","nearest_3d":"[-1.32244301,-0.23143725,0.95067644]","type":"wall-left"},"1":{"unique_id":"2e67c84d-3388-42f5-9b2a-2a9326b163d0","ros_timestamp":"1696255458.0616539","T_map_cam":"[[0.47132839,0.00000036,-0.88195779,0.43848096],[0.88195779,0.00000011,0.47132839,-0.23432920],[0.00000027,-1.00000000,-0.00000027,0.99997541],[0.00000000,0.00000000,0.00000000,1.00000000]]","center_3d":"[1.29451060,2.36859775,1.16701949]","nearest_3d":"[1.29069805,1.94380617,0.95079589]","type":"wall-right"},"2":{"unique_id":"9a9e1a1b-8cf9-41b3-b059-f569bea90fe4","ros_timestamp":"1696255458.0616539","T_map_cam":"[[0.47132839,0.00000036,-0.88195779,0.43848096],[0.88195779,0.00000011,0.47132839,-0.23432920],[0.00000027,-1.00000000,-0.00000027,0.99997541],[0.00000000,0.00000000,0.00000000,1.00000000]]","center_3d":"[-0.03978864,2.92744064,1.26632428]","nearest_3d":"[0.41786212,2.93234062,0.95193505]","type":"wall-front"},"3":{"unique_id":"8cc05e5f-8ac1-4995-9f56-326c2a861cf9","ros_timestamp":"1696255458.0616539","T_map_cam":"[[0.47132839,0.00000036,-0.88195779,0.43848096],[0.88195779,0.00000011,0.47132839,-0.23432920],[0.00000027,-1.00000000,-0.00000027,0.99997541],[0.00000000,0.00000000,0.00000000,1.00000000]]","center_3d":"[-0.01018736,0.73826164,0.67704958]","nearest_3d":"[0.19360262,0.69721740,0.64661860]","type":"obstacle"}}