{"0":{"unique_id":"c6dcb9c0-5c8a-44a8-90ed-7051471b8ef9","ros_timestamp":"1696255438.163023","T_map_cam":"[[0.98877108,0.00000031,-0.14943810,0.07429586],[0.14943810,-0.00000023,0.98877108,-0.49158504],[0.00000027,-1.00000000,-0.00000027,0.99997541],[0.00000000,0.00000000,0.00000000,1.00000000]]","center_3d":"[-1.35040903,1.93136275,1.11996484]","nearest_3d":"[-1.34159863,1.36107504,0.95107776]","type":"wall-left"},"1":{"unique_id":"2e67c84d-3388-42f5-9b2a-2a9326b163d0","ros_timestamp":"1696255438.163023","T_map_cam":"[[0.98877108,0.00000031,-0.14943810,0.07429586],[0.14943810,-0.00000023,0.98877108,-0.49158504],[0.00000027,-1.00000000,-0.00000027,0.99997541],[0.00000000,0.00000000,0.00000000,1.00000000]]","center_3d":"[1.29504859,2.31692910,1.12427533]","nearest_3d":"[1.29069805,1.94380617,0.95079589]","type":"wall-right"},"2":{"unique_id":"8cc05e5f-8ac1-4995-9f56-326c2a861cf9","ros_timestamp":"1696255438.163023","T_map_cam":"[[0.98877108,0.00000031,-0.14943810,0.07429586],[0.14943810,-0.00000023,0.98877108,-0.49158504],[0.00000027,-1.00000000,-0.00000027,0.99997541],[0.00000000,0.00000000,0.00000000,1.00000000]]","center_3d":"[-0.00025593,0.71991545,0.66933882]","nearest_3d":"[0.11191078,0.71496999,0.68183470]","type":"obstacle"}}