{"0":{"unique_id":"c6dcb9c0-5c8a-44a8-90ed-7051471b8ef9","ros_timestamp":"1696255438.2745101","T_map_cam":"[[0.98877108,0.00000031,-0.14943810,0.07429586],[0.14943810,-0.00000023,0.98877108,-0.49158504],[0.00000027,-1.00000000,-0.00000027,0.99997541],[0.00000000,0.00000000,0.00000000,1.00000000]]","center_3d":"[-1.35615015,1.92594075,1.12399006]","nearest_3d":"[-1.34853315,1.34458029,0.95113802]","type":"wall-left"},"1":{"unique_id":"2e67c84d-3388-42f5-9b2a-2a9326b163d0","ros_timestamp":"1696255438.2745101","T_map_cam":"[[0.98877108,0.00000031,-0.14943810,0.07429586],[0.14943810,-0.00000023,0.98877108,-0.49158504],[0.00000027,-1.00000000,-0.00000027,0.99997541],[0.00000000,0.00000000,0.00000000,1.00000000]]","center_3d":"[1.29496872,2.31935525,1.12423980]","nearest_3d":"[1.29069805,1.94380617,0.95079589]","type":"wall-right"},"2":{"unique_id":"8cc05e5f-8ac1-4995-9f56-326c2a861cf9","ros_timestamp":"1696255438.2745101","T_map_cam":"[[0.98877108,0.00000031,-0.14943810,0.07429586],[0.14943810,-0.00000023,0.98877108,-0.49158504],[0.00000027,-1.00000000,-0.00000027,0.99997541],[0.00000000,0.00000000,0.00000000,1.00000000]]","center_3d":"[-0.00303513,0.71971554,0.66953731]","nearest_3d":"[0.11115732,0.71591073,0.68508071]","type":"obstacle"}}