{"0":{"unique_id":"c6dcb9c0-5c8a-44a8-90ed-7051471b8ef9","ros_timestamp":"1696255438.377165","T_map_cam":"[[0.98722729,0.00000031,-0.15931818,0.07920791],[0.15931818,-0.00000022,0.98722729,-0.49081752],[0.00000027,-1.00000000,-0.00000027,0.99997541],[0.00000000,0.00000000,0.00000000,1.00000000]]","center_3d":"[-1.34771454,1.88246596,1.11567175]","nearest_3d":"[-1.33804977,1.29772735,0.95096368]","type":"wall-left"},"1":{"unique_id":"2e67c84d-3388-42f5-9b2a-2a9326b163d0","ros_timestamp":"1696255438.377165","T_map_cam":"[[0.98722729,0.00000031,-0.15931818,0.07920791],[0.15931818,-0.00000022,0.98722729,-0.49081752],[0.00000027,-1.00000000,-0.00000027,0.99997541],[0.00000000,0.00000000,0.00000000,1.00000000]]","center_3d":"[1.29494894,2.32099915,1.12418604]","nearest_3d":"[1.29069805,1.94380617,0.95079589]","type":"wall-right"},"2":{"unique_id":"8cc05e5f-8ac1-4995-9f56-326c2a861cf9","ros_timestamp":"1696255438.377165","T_map_cam":"[[0.98722729,0.00000031,-0.15931818,0.07920791],[0.15931818,-0.00000022,0.98722729,-0.49081752],[0.00000027,-1.00000000,-0.00000027,0.99997541],[0.00000000,0.00000000,0.00000000,1.00000000]]","center_3d":"[-0.00033654,0.71931940,0.66897643]","nearest_3d":"[0.11181770,0.71640652,0.68583995]","type":"obstacle"}}