{"0":{"unique_id":"c6dcb9c0-5c8a-44a8-90ed-7051471b8ef9","ros_timestamp":"1696255438.4629004","T_map_cam":"[[0.98722729,0.00000031,-0.15931818,0.07920791],[0.15931818,-0.00000022,0.98722729,-0.49081752],[0.00000027,-1.00000000,-0.00000027,0.99997541],[0.00000000,0.00000000,0.00000000,1.00000000]]","center_3d":"[-1.35423386,1.87488782,1.11862957]","nearest_3d":"[-1.34450483,1.29100466,0.95096380]","type":"wall-left"},"1":{"unique_id":"2e67c84d-3388-42f5-9b2a-2a9326b163d0","ros_timestamp":"1696255438.4629004","T_map_cam":"[[0.98722729,0.00000031,-0.15931818,0.07920791],[0.15931818,-0.00000022,0.98722729,-0.49081752],[0.00000027,-1.00000000,-0.00000027,0.99997541],[0.00000000,0.00000000,0.00000000,1.00000000]]","center_3d":"[1.29486358,2.32139039,1.12424576]","nearest_3d":"[1.29069805,1.94380617,0.95079589]","type":"wall-right"},"2":{"unique_id":"8cc05e5f-8ac1-4995-9f56-326c2a861cf9","ros_timestamp":"1696255438.4629004","T_map_cam":"[[0.98722729,0.00000031,-0.15931818,0.07920791],[0.15931818,-0.00000022,0.98722729,-0.49081752],[0.00000027,-1.00000000,-0.00000027,0.99997541],[0.00000000,0.00000000,0.00000000,1.00000000]]","center_3d":"[-0.00056008,0.71929371,0.66831470]","nearest_3d":"[0.19483480,0.69999516,0.64441955]","type":"obstacle"}}