{"0":{"unique_id":"c6dcb9c0-5c8a-44a8-90ed-7051471b8ef9","ros_timestamp":"1696255438.5629392","T_map_cam":"[[0.98558477,0.00000031,-0.16918232,0.08411204],[0.16918232,-0.00000022,0.98558477,-0.49000091],[0.00000027,-1.00000000,-0.00000027,0.99997541],[0.00000000,0.00000000,0.00000000,1.00000000]]","center_3d":"[-1.34952557,1.87358439,1.11863232]","nearest_3d":"[-1.34117615,1.28443420,0.95088470]","type":"wall-left"},"1":{"unique_id":"2e67c84d-3388-42f5-9b2a-2a9326b163d0","ros_timestamp":"1696255438.5629392","T_map_cam":"[[0.98558477,0.00000031,-0.16918232,0.08411204],[0.16918232,-0.00000022,0.98558477,-0.49000091],[0.00000027,-1.00000000,-0.00000027,0.99997541],[0.00000000,0.00000000,0.00000000,1.00000000]]","center_3d":"[1.29545653,2.34686160,1.12871599]","nearest_3d":"[1.29069805,1.94380617,0.95079589]","type":"wall-right"},"2":{"unique_id":"8cc05e5f-8ac1-4995-9f56-326c2a861cf9","ros_timestamp":"1696255438.5629392","T_map_cam":"[[0.98558477,0.00000031,-0.16918232,0.08411204],[0.16918232,-0.00000022,0.98558477,-0.49000091],[0.00000027,-1.00000000,-0.00000027,0.99997541],[0.00000000,0.00000000,0.00000000,1.00000000]]","center_3d":"[-0.00410048,0.71948332,0.66807365]","nearest_3d":"[0.19479394,0.69954801,0.64439595]","type":"obstacle"}}