{"0":{"unique_id":"c6dcb9c0-5c8a-44a8-90ed-7051471b8ef9","ros_timestamp":"1696255438.6816096","T_map_cam":"[[0.98558477,0.00000031,-0.16918232,0.08411204],[0.16918232,-0.00000022,0.98558477,-0.49000091],[0.00000027,-1.00000000,-0.00000027,0.99997541],[0.00000000,0.00000000,0.00000000,1.00000000]]","center_3d":"[-1.34735692,1.87319374,1.11863494]","nearest_3d":"[-1.33951187,1.28114891,0.95084512]","type":"wall-left"},"1":{"unique_id":"2e67c84d-3388-42f5-9b2a-2a9326b163d0","ros_timestamp":"1696255438.6816096","T_map_cam":"[[0.98558477,0.00000031,-0.16918232,0.08411204],[0.16918232,-0.00000022,0.98558477,-0.49000091],[0.00000027,-1.00000000,-0.00000027,0.99997541],[0.00000000,0.00000000,0.00000000,1.00000000]]","center_3d":"[1.29543447,2.34686351,1.12869763]","nearest_3d":"[1.29069805,1.94380617,0.95079589]","type":"wall-right"},"2":{"unique_id":"8cc05e5f-8ac1-4995-9f56-326c2a861cf9","ros_timestamp":"1696255438.6816096","T_map_cam":"[[0.98558477,0.00000031,-0.16918232,0.08411204],[0.16918232,-0.00000022,0.98558477,-0.49000091],[0.00000027,-1.00000000,-0.00000027,0.99997541],[0.00000000,0.00000000,0.00000000,1.00000000]]","center_3d":"[-0.00427567,0.71944237,0.66801703]","nearest_3d":"[0.19491744,0.69929743,0.64438009]","type":"obstacle"}}