{"0":{"unique_id":"c6dcb9c0-5c8a-44a8-90ed-7051471b8ef9","ros_timestamp":"1696255438.778835","T_map_cam":"[[0.98384370,0.00000031,-0.17902954,0.08900777],[0.17902954,-0.00000022,0.98384370,-0.48913530],[0.00000027,-1.00000000,-0.00000027,0.99997541],[0.00000000,0.00000000,0.00000000,1.00000000]]","center_3d":"[-1.34954488,1.86648047,1.11888778]","nearest_3d":"[-1.34023893,1.27420413,0.95097446]","type":"wall-left"},"1":{"unique_id":"2e67c84d-3388-42f5-9b2a-2a9326b163d0","ros_timestamp":"1696255438.778835","T_map_cam":"[[0.98384370,0.00000031,-0.17902954,0.08900777],[0.17902954,-0.00000022,0.98384370,-0.48913530],[0.00000027,-1.00000000,-0.00000027,0.99997541],[0.00000000,0.00000000,0.00000000,1.00000000]]","center_3d":"[1.29440296,2.36912322,1.13269114]","nearest_3d":"[1.29069805,1.94380617,0.95079589]","type":"wall-right"},"2":{"unique_id":"8cc05e5f-8ac1-4995-9f56-326c2a861cf9","ros_timestamp":"1696255438.778835","T_map_cam":"[[0.98384370,0.00000031,-0.17902954,0.08900777],[0.17902954,-0.00000022,0.98384370,-0.48913530],[0.00000027,-1.00000000,-0.00000027,0.99997541],[0.00000000,0.00000000,0.00000000,1.00000000]]","center_3d":"[-0.00258607,0.71982151,0.66714245]","nearest_3d":"[0.18979700,0.69679523,0.64120394]","type":"obstacle"}}