{"0":{"unique_id":"c6dcb9c0-5c8a-44a8-90ed-7051471b8ef9","ros_timestamp":"1696255465.4731722","T_map_cam":"[[0.11056981,0.00000030,-0.99386836,0.49411926],[0.99386836,0.00000024,0.11056981,-0.05497168],[0.00000027,-1.00000000,-0.00000027,0.99997541],[0.00000000,0.00000000,0.00000000,1.00000000]]","center_3d":"[-1.33942819,1.03050673,1.04182398]","nearest_3d":"[-1.32429051,-0.06399792,0.95116699]","type":"wall-left"},"1":{"unique_id":"2e67c84d-3388-42f5-9b2a-2a9326b163d0","ros_timestamp":"1696255465.4731722","T_map_cam":"[[0.11056981,0.00000030,-0.99386836,0.49411926],[0.99386836,0.00000024,0.11056981,-0.05497168],[0.00000027,-1.00000000,-0.00000027,0.99997541],[0.00000000,0.00000000,0.00000000,1.00000000]]","center_3d":"[1.29451060,2.36859775,1.16701949]","nearest_3d":"[1.29069805,1.94380617,0.95079589]","type":"wall-right"},"2":{"unique_id":"9a9e1a1b-8cf9-41b3-b059-f569bea90fe4","ros_timestamp":"1696255465.4731722","T_map_cam":"[[0.11056981,0.00000030,-0.99386836,0.49411926],[0.99386836,0.00000024,0.11056981,-0.05497168],[0.00000027,-1.00000000,-0.00000027,0.99997541],[0.00000000,0.00000000,0.00000000,1.00000000]]","center_3d":"[-0.03978864,2.92744064,1.26632428]","nearest_3d":"[0.41786212,2.93234062,0.95193505]","type":"wall-front"},"3":{"unique_id":"8cc05e5f-8ac1-4995-9f56-326c2a861cf9","ros_timestamp":"1696255465.4731722","T_map_cam":"[[0.11056981,0.00000030,-0.99386836,0.49411926],[0.99386836,0.00000024,0.11056981,-0.05497168],[0.00000027,-1.00000000,-0.00000027,0.99997541],[0.00000000,0.00000000,0.00000000,1.00000000]]","center_3d":"[-0.01113316,0.73787463,0.67669815]","nearest_3d":"[0.19360262,0.69721740,0.64661860]","type":"obstacle"}}