{"0":{"unique_id":"c6dcb9c0-5c8a-44a8-90ed-7051471b8ef9","ros_timestamp":"1696255438.862819","T_map_cam":"[[0.98384370,0.00000031,-0.17902954,0.08900777],[0.17902954,-0.00000022,0.98384370,-0.48913530],[0.00000027,-1.00000000,-0.00000027,0.99997541],[0.00000000,0.00000000,0.00000000,1.00000000]]","center_3d":"[-1.35511386,1.85966074,1.11888671]","nearest_3d":"[-1.34709466,1.26571608,0.95102406]","type":"wall-left"},"1":{"unique_id":"2e67c84d-3388-42f5-9b2a-2a9326b163d0","ros_timestamp":"1696255438.862819","T_map_cam":"[[0.98384370,0.00000031,-0.17902954,0.08900777],[0.17902954,-0.00000022,0.98384370,-0.48913530],[0.00000027,-1.00000000,-0.00000027,0.99997541],[0.00000000,0.00000000,0.00000000,1.00000000]]","center_3d":"[1.29436433,2.36913586,1.13266718]","nearest_3d":"[1.29069805,1.94380617,0.95079589]","type":"wall-right"},"2":{"unique_id":"8cc05e5f-8ac1-4995-9f56-326c2a861cf9","ros_timestamp":"1696255438.862819","T_map_cam":"[[0.98384370,0.00000031,-0.17902954,0.08900777],[0.17902954,-0.00000022,0.98384370,-0.48913530],[0.00000027,-1.00000000,-0.00000027,0.99997541],[0.00000000,0.00000000,0.00000000,1.00000000]]","center_3d":"[-0.00443197,0.71959507,0.66700685]","nearest_3d":"[0.18948594,0.69698441,0.64075679]","type":"obstacle"}}