{"0":{"unique_id":"c6dcb9c0-5c8a-44a8-90ed-7051471b8ef9","ros_timestamp":"1696255436.1831217","T_map_cam":"[[0.99875026,0.00000028,-0.04997914,0.02484807],[0.04997914,-0.00000025,0.99875026,-0.49654637],[0.00000027,-1.00000000,-0.00000027,0.99997541],[0.00000000,0.00000000,0.00000000,1.00000000]]","center_3d":"[-1.35471606,2.09640884,1.13881469]","nearest_3d":"[-1.34976459,1.72883081,0.95093387]","type":"wall-left"},"1":{"unique_id":"2e67c84d-3388-42f5-9b2a-2a9326b163d0","ros_timestamp":"1696255436.1831217","T_map_cam":"[[0.99875026,0.00000028,-0.04997914,0.02484807],[0.04997914,-0.00000025,0.99875026,-0.49654637],[0.00000027,-1.00000000,-0.00000027,0.99997541],[0.00000000,0.00000000,0.00000000,1.00000000]]","center_3d":"[1.29541838,2.25125813,1.10989583]","nearest_3d":"[1.29069805,1.94380617,0.95079589]","type":"wall-right"},"2":{"unique_id":"8cc05e5f-8ac1-4995-9f56-326c2a861cf9","ros_timestamp":"1696255436.1831217","T_map_cam":"[[0.99875026,0.00000028,-0.04997914,0.02484807],[0.04997914,-0.00000025,0.99875026,-0.49654637],[0.00000027,-1.00000000,-0.00000027,0.99997541],[0.00000000,0.00000000,0.00000000,1.00000000]]","center_3d":"[-0.01509655,0.71754837,0.66061753]","nearest_3d":"[0.18006080,0.69809085,0.65317190]","type":"obstacle"}}