{"0":{"unique_id":"c6dcb9c0-5c8a-44a8-90ed-7051471b8ef9","ros_timestamp":"1696255438.9930167","T_map_cam":"[[0.98200424,0.00000031,-0.18885887,0.09389459],[0.18885887,-0.00000021,0.98200424,-0.48822078],[0.00000027,-1.00000000,-0.00000027,0.99997541],[0.00000000,0.00000000,0.00000000,1.00000000]]","center_3d":"[-1.34701037,1.81525886,1.11147761]","nearest_3d":"[-1.33705127,1.19857097,0.95158446]","type":"wall-left"},"1":{"unique_id":"2e67c84d-3388-42f5-9b2a-2a9326b163d0","ros_timestamp":"1696255438.9930167","T_map_cam":"[[0.98200424,0.00000031,-0.18885887,0.09389459],[0.18885887,-0.00000021,0.98200424,-0.48822078],[0.00000027,-1.00000000,-0.00000027,0.99997541],[0.00000000,0.00000000,0.00000000,1.00000000]]","center_3d":"[1.29422641,2.37009573,1.12981415]","nearest_3d":"[1.29069805,1.94380617,0.95079589]","type":"wall-right"},"2":{"unique_id":"8cc05e5f-8ac1-4995-9f56-326c2a861cf9","ros_timestamp":"1696255438.9930167","T_map_cam":"[[0.98200424,0.00000031,-0.18885887,0.09389459],[0.18885887,-0.00000021,0.98200424,-0.48822078],[0.00000027,-1.00000000,-0.00000027,0.99997541],[0.00000000,0.00000000,0.00000000,1.00000000]]","center_3d":"[-0.00429034,0.72036117,0.66936368]","nearest_3d":"[0.19002289,0.69608831,0.64192569]","type":"obstacle"}}