{"0":{"unique_id":"c6dcb9c0-5c8a-44a8-90ed-7051471b8ef9","ros_timestamp":"1696255439.0631003","T_map_cam":"[[0.98200424,0.00000031,-0.18885887,0.09389459],[0.18885887,-0.00000021,0.98200424,-0.48822078],[0.00000027,-1.00000000,-0.00000027,0.99997541],[0.00000000,0.00000000,0.00000000,1.00000000]]","center_3d":"[-1.35308826,1.80902267,1.11147940]","nearest_3d":"[-1.34301066,1.19185579,0.95158458]","type":"wall-left"},"1":{"unique_id":"2e67c84d-3388-42f5-9b2a-2a9326b163d0","ros_timestamp":"1696255439.0631003","T_map_cam":"[[0.98200424,0.00000031,-0.18885887,0.09389459],[0.18885887,-0.00000021,0.98200424,-0.48822078],[0.00000027,-1.00000000,-0.00000027,0.99997541],[0.00000000,0.00000000,0.00000000,1.00000000]]","center_3d":"[1.29436433,2.36913586,1.13266718]","nearest_3d":"[1.29069805,1.94380617,0.95079589]","type":"wall-right"},"2":{"unique_id":"8cc05e5f-8ac1-4995-9f56-326c2a861cf9","ros_timestamp":"1696255439.0631003","T_map_cam":"[[0.98200424,0.00000031,-0.18885887,0.09389459],[0.18885887,-0.00000021,0.98200424,-0.48822078],[0.00000027,-1.00000000,-0.00000027,0.99997541],[0.00000000,0.00000000,0.00000000,1.00000000]]","center_3d":"[-0.00454177,0.72027677,0.66932553]","nearest_3d":"[0.19029908,0.69573104,0.64235091]","type":"obstacle"}}