{"0":{"unique_id":"c6dcb9c0-5c8a-44a8-90ed-7051471b8ef9","ros_timestamp":"1696255439.26296","T_map_cam":"[[0.98006658,0.00000032,-0.19866930,0.09877202],[0.19866930,-0.00000021,0.98006658,-0.48725744],[0.00000027,-1.00000000,-0.00000027,0.99997541],[0.00000000,0.00000000,0.00000000,1.00000000]]","center_3d":"[-1.35418832,1.80168939,1.11149490]","nearest_3d":"[-1.34413266,1.16778016,0.95065033]","type":"wall-left"},"1":{"unique_id":"2e67c84d-3388-42f5-9b2a-2a9326b163d0","ros_timestamp":"1696255439.26296","T_map_cam":"[[0.98006658,0.00000032,-0.19866930,0.09877202],[0.19866930,-0.00000021,0.98006658,-0.48725744],[0.00000027,-1.00000000,-0.00000027,0.99997541],[0.00000000,0.00000000,0.00000000,1.00000000]]","center_3d":"[1.29423416,2.36881065,1.12986362]","nearest_3d":"[1.29069805,1.94380617,0.95079589]","type":"wall-right"},"2":{"unique_id":"8cc05e5f-8ac1-4995-9f56-326c2a861cf9","ros_timestamp":"1696255439.26296","T_map_cam":"[[0.98006658,0.00000032,-0.19866930,0.09877202],[0.19866930,-0.00000021,0.98006658,-0.48725744],[0.00000027,-1.00000000,-0.00000027,0.99997541],[0.00000000,0.00000000,0.00000000,1.00000000]]","center_3d":"[-0.00355126,0.71884817,0.66625732]","nearest_3d":"[0.19230819,0.69362301,0.64317840]","type":"obstacle"}}