{"0":{"unique_id":"c6dcb9c0-5c8a-44a8-90ed-7051471b8ef9","ros_timestamp":"1696255439.3758223","T_map_cam":"[[0.97803092,0.00000032,-0.20845987,0.10363957],[0.20845987,-0.00000021,0.97803092,-0.48624538],[0.00000027,-1.00000000,-0.00000027,0.99997541],[0.00000000,0.00000000,0.00000000,1.00000000]]","center_3d":"[-1.35421443,1.79844630,1.11458123]","nearest_3d":"[-1.34586036,1.16502059,0.95065546]","type":"wall-left"},"1":{"unique_id":"2e67c84d-3388-42f5-9b2a-2a9326b163d0","ros_timestamp":"1696255439.3758223","T_map_cam":"[[0.97803092,0.00000032,-0.20845987,0.10363957],[0.20845987,-0.00000021,0.97803092,-0.48624538],[0.00000027,-1.00000000,-0.00000027,0.99997541],[0.00000000,0.00000000,0.00000000,1.00000000]]","center_3d":"[1.29436433,2.36913586,1.13266718]","nearest_3d":"[1.29069805,1.94380617,0.95079589]","type":"wall-right"},"2":{"unique_id":"8cc05e5f-8ac1-4995-9f56-326c2a861cf9","ros_timestamp":"1696255439.3758223","T_map_cam":"[[0.97803092,0.00000032,-0.20845987,0.10363957],[0.20845987,-0.00000021,0.97803092,-0.48624538],[0.00000027,-1.00000000,-0.00000027,0.99997541],[0.00000000,0.00000000,0.00000000,1.00000000]]","center_3d":"[-0.00062522,0.71886480,0.66584206]","nearest_3d":"[0.19344695,0.69127870,0.64057124]","type":"obstacle"}}