{"0":{"unique_id":"c6dcb9c0-5c8a-44a8-90ed-7051471b8ef9","ros_timestamp":"1696255439.47514","T_map_cam":"[[0.97803092,0.00000032,-0.20845987,0.10363957],[0.20845987,-0.00000021,0.97803092,-0.48624538],[0.00000027,-1.00000000,-0.00000027,0.99997541],[0.00000000,0.00000000,0.00000000,1.00000000]]","center_3d":"[-1.34921062,1.80020368,1.11458778]","nearest_3d":"[-1.33976078,1.16479981,0.95074821]","type":"wall-left"},"1":{"unique_id":"2e67c84d-3388-42f5-9b2a-2a9326b163d0","ros_timestamp":"1696255439.47514","T_map_cam":"[[0.97803092,0.00000032,-0.20845987,0.10363957],[0.20845987,-0.00000021,0.97803092,-0.48624538],[0.00000027,-1.00000000,-0.00000027,0.99997541],[0.00000000,0.00000000,0.00000000,1.00000000]]","center_3d":"[1.29436433,2.36913586,1.13266718]","nearest_3d":"[1.29069805,1.94380617,0.95079589]","type":"wall-right"},"2":{"unique_id":"8cc05e5f-8ac1-4995-9f56-326c2a861cf9","ros_timestamp":"1696255439.47514","T_map_cam":"[[0.97803092,0.00000032,-0.20845987,0.10363957],[0.20845987,-0.00000021,0.97803092,-0.48624538],[0.00000027,-1.00000000,-0.00000027,0.99997541],[0.00000000,0.00000000,0.00000000,1.00000000]]","center_3d":"[0.00180103,0.71929485,0.66546208]","nearest_3d":"[0.19232838,0.69082820,0.63977432]","type":"obstacle"}}