{"0":{"unique_id":"c6dcb9c0-5c8a-44a8-90ed-7051471b8ef9","ros_timestamp":"1696255439.5630744","T_map_cam":"[[0.97589746,0.00000032,-0.21822959,0.10849676],[0.21822959,-0.00000020,0.97589746,-0.48518469],[0.00000027,-1.00000000,-0.00000027,0.99997541],[0.00000000,0.00000000,0.00000000,1.00000000]]","center_3d":"[-1.34693575,1.80059540,1.11458838]","nearest_3d":"[-1.33772755,1.16472626,0.95077914]","type":"wall-left"},"1":{"unique_id":"2e67c84d-3388-42f5-9b2a-2a9326b163d0","ros_timestamp":"1696255439.5630744","T_map_cam":"[[0.97589746,0.00000032,-0.21822959,0.10849676],[0.21822959,-0.00000020,0.97589746,-0.48518469],[0.00000027,-1.00000000,-0.00000027,0.99997541],[0.00000000,0.00000000,0.00000000,1.00000000]]","center_3d":"[1.29436433,2.36913586,1.13266718]","nearest_3d":"[1.29069805,1.94380617,0.95079589]","type":"wall-right"},"2":{"unique_id":"8cc05e5f-8ac1-4995-9f56-326c2a861cf9","ros_timestamp":"1696255439.5630744","T_map_cam":"[[0.97589746,0.00000032,-0.21822959,0.10849676],[0.21822959,-0.00000020,0.97589746,-0.48518469],[0.00000027,-1.00000000,-0.00000027,0.99997541],[0.00000000,0.00000000,0.00000000,1.00000000]]","center_3d":"[0.00240167,0.71934420,0.66539752]","nearest_3d":"[0.19249892,0.69075578,0.63976657]","type":"obstacle"}}