{"0":{"unique_id":"c6dcb9c0-5c8a-44a8-90ed-7051471b8ef9","ros_timestamp":"1696255439.6783729","T_map_cam":"[[0.97366640,0.00000032,-0.22797749,0.11334311],[0.22797749,-0.00000020,0.97366640,-0.48407548],[0.00000027,-1.00000000,-0.00000027,0.99997541],[0.00000000,0.00000000,0.00000000,1.00000000]]","center_3d":"[-1.34904504,1.81238782,1.11459208]","nearest_3d":"[-1.33931446,1.15322065,0.95085496]","type":"wall-left"},"1":{"unique_id":"2e67c84d-3388-42f5-9b2a-2a9326b163d0","ros_timestamp":"1696255439.6783729","T_map_cam":"[[0.97366640,0.00000032,-0.22797749,0.11334311],[0.22797749,-0.00000020,0.97366640,-0.48407548],[0.00000027,-1.00000000,-0.00000027,0.99997541],[0.00000000,0.00000000,0.00000000,1.00000000]]","center_3d":"[1.29436433,2.36913586,1.13266718]","nearest_3d":"[1.29069805,1.94380617,0.95079589]","type":"wall-right"},"2":{"unique_id":"8cc05e5f-8ac1-4995-9f56-326c2a861cf9","ros_timestamp":"1696255439.6783729","T_map_cam":"[[0.97366640,0.00000032,-0.22797749,0.11334311],[0.22797749,-0.00000020,0.97366640,-0.48407548],[0.00000027,-1.00000000,-0.00000027,0.99997541],[0.00000000,0.00000000,0.00000000,1.00000000]]","center_3d":"[0.00239725,0.71983528,0.66558385]","nearest_3d":"[0.19144616,0.69103009,0.63976395]","type":"obstacle"}}