{"0":{"unique_id":"c6dcb9c0-5c8a-44a8-90ed-7051471b8ef9","ros_timestamp":"1696255439.7629776","T_map_cam":"[[0.97366640,0.00000032,-0.22797749,0.11334311],[0.22797749,-0.00000020,0.97366640,-0.48407548],[0.00000027,-1.00000000,-0.00000027,0.99997541],[0.00000000,0.00000000,0.00000000,1.00000000]]","center_3d":"[-1.35421729,1.82215071,1.11834300]","nearest_3d":"[-1.34513092,1.14342833,0.95087671]","type":"wall-left"},"1":{"unique_id":"2e67c84d-3388-42f5-9b2a-2a9326b163d0","ros_timestamp":"1696255439.7629776","T_map_cam":"[[0.97366640,0.00000032,-0.22797749,0.11334311],[0.22797749,-0.00000020,0.97366640,-0.48407548],[0.00000027,-1.00000000,-0.00000027,0.99997541],[0.00000000,0.00000000,0.00000000,1.00000000]]","center_3d":"[1.29436433,2.36913586,1.13266718]","nearest_3d":"[1.29069805,1.94380617,0.95079589]","type":"wall-right"},"2":{"unique_id":"8cc05e5f-8ac1-4995-9f56-326c2a861cf9","ros_timestamp":"1696255439.7629776","T_map_cam":"[[0.97366640,0.00000032,-0.22797749,0.11334311],[0.22797749,-0.00000020,0.97366640,-0.48407548],[0.00000027,-1.00000000,-0.00000027,0.99997541],[0.00000000,0.00000000,0.00000000,1.00000000]]","center_3d":"[0.00009218,0.71984351,0.66520590]","nearest_3d":"[0.19181773,0.69120765,0.64029056]","type":"obstacle"}}