{"0":{"unique_id":"c6dcb9c0-5c8a-44a8-90ed-7051471b8ef9","ros_timestamp":"1696255475.4974732","T_map_cam":"[[-0.33273622,0.00000016,-0.94301994,0.46883904],[0.94301994,0.00000034,-0.33273622,0.16542576],[0.00000027,-1.00000000,-0.00000027,0.99997541],[0.00000000,0.00000000,0.00000000,1.00000000]]","center_3d":"[-1.32849526,0.21844876,1.03068089]","nearest_3d":"[-1.32790565,0.14988908,0.95072740]","type":"wall-left"},"1":{"unique_id":"2e67c84d-3388-42f5-9b2a-2a9326b163d0","ros_timestamp":"1696255475.4974732","T_map_cam":"[[-0.33273622,0.00000016,-0.94301994,0.46883904],[0.94301994,0.00000034,-0.33273622,0.16542576],[0.00000027,-1.00000000,-0.00000027,0.99997541],[0.00000000,0.00000000,0.00000000,1.00000000]]","center_3d":"[1.29451060,2.36859775,1.16701949]","nearest_3d":"[1.29069805,1.94380617,0.95079589]","type":"wall-right"},"2":{"unique_id":"9a9e1a1b-8cf9-41b3-b059-f569bea90fe4","ros_timestamp":"1696255475.4974732","T_map_cam":"[[-0.33273622,0.00000016,-0.94301994,0.46883904],[0.94301994,0.00000034,-0.33273622,0.16542576],[0.00000027,-1.00000000,-0.00000027,0.99997541],[0.00000000,0.00000000,0.00000000,1.00000000]]","center_3d":"[-0.03978864,2.92744064,1.26632428]","nearest_3d":"[0.41786212,2.93234062,0.95193505]","type":"wall-front"},"3":{"unique_id":"8cc05e5f-8ac1-4995-9f56-326c2a861cf9","ros_timestamp":"1696255475.4974732","T_map_cam":"[[-0.33273622,0.00000016,-0.94301994,0.46883904],[0.94301994,0.00000034,-0.33273622,0.16542576],[0.00000027,-1.00000000,-0.00000027,0.99997541],[0.00000000,0.00000000,0.00000000,1.00000000]]","center_3d":"[-0.01113316,0.73787463,0.67669815]","nearest_3d":"[0.19360262,0.69721740,0.64661860]","type":"obstacle"}}