{"0":{"unique_id":"c6dcb9c0-5c8a-44a8-90ed-7051471b8ef9","ros_timestamp":"1696255439.862908","T_map_cam":"[[0.97133798,0.00000032,-0.23770260,0.11817811],[0.23770260,-0.00000020,0.97133798,-0.48291786],[0.00000027,-1.00000000,-0.00000027,0.99997541],[0.00000000,0.00000000,0.00000000,1.00000000]]","center_3d":"[-1.34889305,1.78870857,1.11213231]","nearest_3d":"[-1.33601058,1.09464693,0.95077568]","type":"wall-left"},"1":{"unique_id":"2e67c84d-3388-42f5-9b2a-2a9326b163d0","ros_timestamp":"1696255439.862908","T_map_cam":"[[0.97133798,0.00000032,-0.23770260,0.11817811],[0.23770260,-0.00000020,0.97133798,-0.48291786],[0.00000027,-1.00000000,-0.00000027,0.99997541],[0.00000000,0.00000000,0.00000000,1.00000000]]","center_3d":"[1.29436433,2.36913586,1.13266718]","nearest_3d":"[1.29069805,1.94380617,0.95079589]","type":"wall-right"},"2":{"unique_id":"8cc05e5f-8ac1-4995-9f56-326c2a861cf9","ros_timestamp":"1696255439.862908","T_map_cam":"[[0.97133798,0.00000032,-0.23770260,0.11817811],[0.23770260,-0.00000020,0.97133798,-0.48291786],[0.00000027,-1.00000000,-0.00000027,0.99997541],[0.00000000,0.00000000,0.00000000,1.00000000]]","center_3d":"[0.00033131,0.71991760,0.66622925]","nearest_3d":"[0.19120452,0.69175363,0.64094651]","type":"obstacle"}}