{"0":{"unique_id":"c6dcb9c0-5c8a-44a8-90ed-7051471b8ef9","ros_timestamp":"1696255436.262907","T_map_cam":"[[0.99875026,0.00000028,-0.04997914,0.02484807],[0.04997914,-0.00000025,0.99875026,-0.49654637],[0.00000027,-1.00000000,-0.00000027,0.99997541],[0.00000000,0.00000000,0.00000000,1.00000000]]","center_3d":"[-1.36044300,2.07222962,1.13000166]","nearest_3d":"[-1.35909069,1.69117498,0.95101106]","type":"wall-left"},"1":{"unique_id":"2e67c84d-3388-42f5-9b2a-2a9326b163d0","ros_timestamp":"1696255436.262907","T_map_cam":"[[0.99875026,0.00000028,-0.04997914,0.02484807],[0.04997914,-0.00000025,0.99875026,-0.49654637],[0.00000027,-1.00000000,-0.00000027,0.99997541],[0.00000000,0.00000000,0.00000000,1.00000000]]","center_3d":"[1.29528654,2.24741411,1.10984743]","nearest_3d":"[1.29069805,1.94380617,0.95079589]","type":"wall-right"},"2":{"unique_id":"8cc05e5f-8ac1-4995-9f56-326c2a861cf9","ros_timestamp":"1696255436.262907","T_map_cam":"[[0.99875026,0.00000028,-0.04997914,0.02484807],[0.04997914,-0.00000025,0.99875026,-0.49654637],[0.00000027,-1.00000000,-0.00000027,0.99997541],[0.00000000,0.00000000,0.00000000,1.00000000]]","center_3d":"[-0.01456997,0.71884710,0.66392988]","nearest_3d":"[0.17886949,0.69783986,0.65408587]","type":"obstacle"}}