{"0":{"unique_id":"c6dcb9c0-5c8a-44a8-90ed-7051471b8ef9","ros_timestamp":"1696255440.0628982","T_map_cam":"[[0.96891243,0.00000033,-0.24740393,0.12300130],[0.24740393,-0.00000019,0.96891243,-0.48171196],[0.00000027,-1.00000000,-0.00000027,0.99997541],[0.00000000,0.00000000,0.00000000,1.00000000]]","center_3d":"[-1.34932387,1.78851235,1.11159921]","nearest_3d":"[-1.33864355,1.08187556,0.95076758]","type":"wall-left"},"1":{"unique_id":"2e67c84d-3388-42f5-9b2a-2a9326b163d0","ros_timestamp":"1696255440.0628982","T_map_cam":"[[0.96891243,0.00000033,-0.24740393,0.12300130],[0.24740393,-0.00000019,0.96891243,-0.48171196],[0.00000027,-1.00000000,-0.00000027,0.99997541],[0.00000000,0.00000000,0.00000000,1.00000000]]","center_3d":"[1.29436433,2.36913586,1.13266718]","nearest_3d":"[1.29069805,1.94380617,0.95079589]","type":"wall-right"},"2":{"unique_id":"8cc05e5f-8ac1-4995-9f56-326c2a861cf9","ros_timestamp":"1696255440.0628982","T_map_cam":"[[0.96891243,0.00000033,-0.24740393,0.12300130],[0.24740393,-0.00000019,0.96891243,-0.48171196],[0.00000027,-1.00000000,-0.00000027,0.99997541],[0.00000000,0.00000000,0.00000000,1.00000000]]","center_3d":"[0.00514658,0.71881044,0.66426510]","nearest_3d":"[0.19052568,0.69233108,0.64173424]","type":"obstacle"}}