{"0":{"unique_id":"c6dcb9c0-5c8a-44a8-90ed-7051471b8ef9","ros_timestamp":"1696255440.3737419","T_map_cam":"[[0.96638999,0.00000033,-0.25708052,0.12781219],[0.25708052,-0.00000019,0.96638999,-0.48045788],[0.00000027,-1.00000000,-0.00000027,0.99997541],[0.00000000,0.00000000,0.00000000,1.00000000]]","center_3d":"[-1.35378015,1.77725565,1.11417854]","nearest_3d":"[-1.34248424,1.05556631,0.95077533]","type":"wall-left"},"1":{"unique_id":"2e67c84d-3388-42f5-9b2a-2a9326b163d0","ros_timestamp":"1696255440.3737419","T_map_cam":"[[0.96638999,0.00000033,-0.25708052,0.12781219],[0.25708052,-0.00000019,0.96638999,-0.48045788],[0.00000027,-1.00000000,-0.00000027,0.99997541],[0.00000000,0.00000000,0.00000000,1.00000000]]","center_3d":"[1.29436433,2.36913586,1.13266718]","nearest_3d":"[1.29069805,1.94380617,0.95079589]","type":"wall-right"},"2":{"unique_id":"8cc05e5f-8ac1-4995-9f56-326c2a861cf9","ros_timestamp":"1696255440.3737419","T_map_cam":"[[0.96638999,0.00000033,-0.25708052,0.12781219],[0.25708052,-0.00000019,0.96638999,-0.48045788],[0.00000027,-1.00000000,-0.00000027,0.99997541],[0.00000000,0.00000000,0.00000000,1.00000000]]","center_3d":"[0.00425549,0.71902221,0.66737658]","nearest_3d":"[0.18979543,0.69295174,0.64252472]","type":"obstacle"}}