{"0":{"unique_id":"c6dcb9c0-5c8a-44a8-90ed-7051471b8ef9","ros_timestamp":"1696255440.463021","T_map_cam":"[[0.96377090,0.00000033,-0.26673141,0.13261030],[0.26673141,-0.00000019,0.96377090,-0.47915575],[0.00000027,-1.00000000,-0.00000027,0.99997541],[0.00000000,0.00000000,0.00000000,1.00000000]]","center_3d":"[-1.35321593,1.73239136,1.11194897]","nearest_3d":"[-1.33990121,0.98488653,0.95129782]","type":"wall-left"},"1":{"unique_id":"2e67c84d-3388-42f5-9b2a-2a9326b163d0","ros_timestamp":"1696255440.463021","T_map_cam":"[[0.96377090,0.00000033,-0.26673141,0.13261030],[0.26673141,-0.00000019,0.96377090,-0.47915575],[0.00000027,-1.00000000,-0.00000027,0.99997541],[0.00000000,0.00000000,0.00000000,1.00000000]]","center_3d":"[1.29436433,2.36913586,1.13266718]","nearest_3d":"[1.29069805,1.94380617,0.95079589]","type":"wall-right"},"2":{"unique_id":"8cc05e5f-8ac1-4995-9f56-326c2a861cf9","ros_timestamp":"1696255440.463021","T_map_cam":"[[0.96377090,0.00000033,-0.26673141,0.13261030],[0.26673141,-0.00000019,0.96377090,-0.47915575],[0.00000027,-1.00000000,-0.00000027,0.99997541],[0.00000000,0.00000000,0.00000000,1.00000000]]","center_3d":"[0.00309792,0.71808213,0.66934574]","nearest_3d":"[0.18813284,0.69382942,0.64320362]","type":"obstacle"}}