{"0":{"unique_id":"c6dcb9c0-5c8a-44a8-90ed-7051471b8ef9","ros_timestamp":"1696255440.5629842","T_map_cam":"[[0.96377090,0.00000033,-0.26673141,0.13261030],[0.26673141,-0.00000019,0.96377090,-0.47915575],[0.00000027,-1.00000000,-0.00000027,0.99997541],[0.00000000,0.00000000,0.00000000,1.00000000]]","center_3d":"[-1.34862864,1.73364103,1.11195791]","nearest_3d":"[-1.33735621,0.97953105,0.95117998]","type":"wall-left"},"1":{"unique_id":"2e67c84d-3388-42f5-9b2a-2a9326b163d0","ros_timestamp":"1696255440.5629842","T_map_cam":"[[0.96377090,0.00000033,-0.26673141,0.13261030],[0.26673141,-0.00000019,0.96377090,-0.47915575],[0.00000027,-1.00000000,-0.00000027,0.99997541],[0.00000000,0.00000000,0.00000000,1.00000000]]","center_3d":"[1.29436433,2.36913586,1.13266718]","nearest_3d":"[1.29069805,1.94380617,0.95079589]","type":"wall-right"},"2":{"unique_id":"8cc05e5f-8ac1-4995-9f56-326c2a861cf9","ros_timestamp":"1696255440.5629842","T_map_cam":"[[0.96377090,0.00000033,-0.26673141,0.13261030],[0.26673141,-0.00000019,0.96377090,-0.47915575],[0.00000027,-1.00000000,-0.00000027,0.99997541],[0.00000000,0.00000000,0.00000000,1.00000000]]","center_3d":"[0.00382998,0.71850884,0.66967320]","nearest_3d":"[0.18810621,0.69408959,0.64351404]","type":"obstacle"}}