{"0":{"unique_id":"c6dcb9c0-5c8a-44a8-90ed-7051471b8ef9","ros_timestamp":"1696255440.6634007","T_map_cam":"[[0.96105545,0.00000033,-0.27635562,0.13739515],[0.27635562,-0.00000018,0.96105545,-0.47780572],[0.00000027,-1.00000000,-0.00000027,0.99997541],[0.00000000,0.00000000,0.00000000,1.00000000]]","center_3d":"[-1.34576797,1.74980485,1.05177510]","nearest_3d":"[-1.33608365,0.97685325,0.95112103]","type":"wall-left"},"1":{"unique_id":"2e67c84d-3388-42f5-9b2a-2a9326b163d0","ros_timestamp":"1696255440.6634007","T_map_cam":"[[0.96105545,0.00000033,-0.27635562,0.13739515],[0.27635562,-0.00000018,0.96105545,-0.47780572],[0.00000027,-1.00000000,-0.00000027,0.99997541],[0.00000000,0.00000000,0.00000000,1.00000000]]","center_3d":"[1.29423416,2.36881065,1.12986362]","nearest_3d":"[1.29069805,1.94380617,0.95079589]","type":"wall-right"},"2":{"unique_id":"8cc05e5f-8ac1-4995-9f56-326c2a861cf9","ros_timestamp":"1696255440.6634007","T_map_cam":"[[0.96105545,0.00000033,-0.27635562,0.13739515],[0.27635562,-0.00000018,0.96105545,-0.47780572],[0.00000027,-1.00000000,-0.00000027,0.99997541],[0.00000000,0.00000000,0.00000000,1.00000000]]","center_3d":"[0.00423979,0.71880412,0.66999459]","nearest_3d":"[0.18822862,0.69421542,0.64370239]","type":"obstacle"}}