{"0":{"unique_id":"c6dcb9c0-5c8a-44a8-90ed-7051471b8ef9","ros_timestamp":"1696255440.7628508","T_map_cam":"[[0.95824388,0.00000033,-0.28595220,0.14216625],[0.28595220,-0.00000018,0.95824388,-0.47640790],[0.00000027,-1.00000000,-0.00000027,0.99997541],[0.00000000,0.00000000,0.00000000,1.00000000]]","center_3d":"[-1.35227394,1.72866499,1.11197972]","nearest_3d":"[-1.34028482,0.96881610,0.95109165]","type":"wall-left"},"1":{"unique_id":"2e67c84d-3388-42f5-9b2a-2a9326b163d0","ros_timestamp":"1696255440.7628508","T_map_cam":"[[0.95824388,0.00000033,-0.28595220,0.14216625],[0.28595220,-0.00000018,0.95824388,-0.47640790],[0.00000027,-1.00000000,-0.00000027,0.99997541],[0.00000000,0.00000000,0.00000000,1.00000000]]","center_3d":"[1.29436433,2.36913586,1.13266718]","nearest_3d":"[1.29069805,1.94380617,0.95079589]","type":"wall-right"},"2":{"unique_id":"8cc05e5f-8ac1-4995-9f56-326c2a861cf9","ros_timestamp":"1696255440.7628508","T_map_cam":"[[0.95824388,0.00000033,-0.28595220,0.14216625],[0.28595220,-0.00000018,0.95824388,-0.47640790],[0.00000027,-1.00000000,-0.00000027,0.99997541],[0.00000000,0.00000000,0.00000000,1.00000000]]","center_3d":"[0.00343096,0.71840250,0.66971385]","nearest_3d":"[0.18713072,0.69450963,0.64374244]","type":"obstacle"}}