{"0":{"unique_id":"c6dcb9c0-5c8a-44a8-90ed-7051471b8ef9","ros_timestamp":"1696255485.1737428","T_map_cam":"[[-0.68834400,0.00000001,-0.72538441,0.36063766],[0.72538441,0.00000038,-0.68834400,0.34222245],[0.00000027,-1.00000000,-0.00000027,0.99997541],[0.00000000,0.00000000,0.00000000,1.00000000]]","center_3d":"[-1.31892276,-0.51670915,1.07560754]","nearest_3d":"[-1.32985759,0.31342360,0.95067137]","type":"wall-left"},"1":{"unique_id":"2e67c84d-3388-42f5-9b2a-2a9326b163d0","ros_timestamp":"1696255485.1737428","T_map_cam":"[[-0.68834400,0.00000001,-0.72538441,0.36063766],[0.72538441,0.00000038,-0.68834400,0.34222245],[0.00000027,-1.00000000,-0.00000027,0.99997541],[0.00000000,0.00000000,0.00000000,1.00000000]]","center_3d":"[1.29451060,2.36859775,1.16701949]","nearest_3d":"[1.29069805,1.94380617,0.95079589]","type":"wall-right"},"2":{"unique_id":"9a9e1a1b-8cf9-41b3-b059-f569bea90fe4","ros_timestamp":"1696255485.1737428","T_map_cam":"[[-0.68834400,0.00000001,-0.72538441,0.36063766],[0.72538441,0.00000038,-0.68834400,0.34222245],[0.00000027,-1.00000000,-0.00000027,0.99997541],[0.00000000,0.00000000,0.00000000,1.00000000]]","center_3d":"[-0.03962892,2.92744255,1.26285625]","nearest_3d":"[0.30492175,2.93070531,0.95220411]","type":"wall-front"},"3":{"unique_id":"8cc05e5f-8ac1-4995-9f56-326c2a861cf9","ros_timestamp":"1696255485.1737428","T_map_cam":"[[-0.68834400,0.00000001,-0.72538441,0.36063766],[0.72538441,0.00000038,-0.68834400,0.34222245],[0.00000027,-1.00000000,-0.00000027,0.99997541],[0.00000000,0.00000000,0.00000000,1.00000000]]","center_3d":"[-0.71970731,-2.93388319,1.13432240]","nearest_3d":"[-0.68727499,-2.93373203,0.95147115]","type":"obstacle"},"4":{"unique_id":"adb6b55a-84ca-4422-a5df-956bc6260640","ros_timestamp":"1696255485.1737428","T_map_cam":"[[-0.68834400,0.00000001,-0.72538441,0.36063766],[0.72538441,0.00000038,-0.68834400,0.34222245],[0.00000027,-1.00000000,-0.00000027,0.99997541],[0.00000000,0.00000000,0.00000000,1.00000000]]","center_3d":"[-0.01113316,0.73787463,0.67669815]","nearest_3d":"[0.13120623,0.72950137,0.75121629]","type":"obstacle"}}