{"0":{"unique_id":"c6dcb9c0-5c8a-44a8-90ed-7051471b8ef9","ros_timestamp":"1696255440.97561","T_map_cam":"[[0.95533650,0.00000034,-0.29552018,0.14692315],[0.29552018,-0.00000018,0.95533650,-0.47496244],[0.00000027,-1.00000000,-0.00000027,0.99997541],[0.00000000,0.00000000,0.00000000,1.00000000]]","center_3d":"[-1.34836233,1.72354722,1.11200190]","nearest_3d":"[-1.33704269,0.95853585,0.95084095]","type":"wall-left"},"1":{"unique_id":"2e67c84d-3388-42f5-9b2a-2a9326b163d0","ros_timestamp":"1696255440.97561","T_map_cam":"[[0.95533650,0.00000034,-0.29552018,0.14692315],[0.29552018,-0.00000018,0.95533650,-0.47496244],[0.00000027,-1.00000000,-0.00000027,0.99997541],[0.00000000,0.00000000,0.00000000,1.00000000]]","center_3d":"[1.29436433,2.36913586,1.13266718]","nearest_3d":"[1.29069805,1.94380617,0.95079589]","type":"wall-right"},"2":{"unique_id":"8cc05e5f-8ac1-4995-9f56-326c2a861cf9","ros_timestamp":"1696255440.97561","T_map_cam":"[[0.95533650,0.00000034,-0.29552018,0.14692315],[0.29552018,-0.00000018,0.95533650,-0.47496244],[0.00000027,-1.00000000,-0.00000027,0.99997541],[0.00000000,0.00000000,0.00000000,1.00000000]]","center_3d":"[-0.00194775,0.71764368,0.66759372]","nearest_3d":"[0.18717656,0.69434392,0.64407337]","type":"obstacle"}}