{"0":{"unique_id":"c6dcb9c0-5c8a-44a8-90ed-7051471b8ef9","ros_timestamp":"1696255441.0630782","T_map_cam":"[[0.95533650,0.00000034,-0.29552018,0.14692315],[0.29552018,-0.00000018,0.95533650,-0.47496244],[0.00000027,-1.00000000,-0.00000027,0.99997541],[0.00000000,0.00000000,0.00000000,1.00000000]]","center_3d":"[-1.34627771,1.72309661,1.11201239]","nearest_3d":"[-1.33541930,0.95558429,0.95086884]","type":"wall-left"},"1":{"unique_id":"2e67c84d-3388-42f5-9b2a-2a9326b163d0","ros_timestamp":"1696255441.0630782","T_map_cam":"[[0.95533650,0.00000034,-0.29552018,0.14692315],[0.29552018,-0.00000018,0.95533650,-0.47496244],[0.00000027,-1.00000000,-0.00000027,0.99997541],[0.00000000,0.00000000,0.00000000,1.00000000]]","center_3d":"[1.29423416,2.36881065,1.12986362]","nearest_3d":"[1.29069805,1.94380617,0.95079589]","type":"wall-right"},"2":{"unique_id":"8cc05e5f-8ac1-4995-9f56-326c2a861cf9","ros_timestamp":"1696255441.0630782","T_map_cam":"[[0.95533650,0.00000034,-0.29552018,0.14692315],[0.29552018,-0.00000018,0.95533650,-0.47496244],[0.00000027,-1.00000000,-0.00000027,0.99997541],[0.00000000,0.00000000,0.00000000,1.00000000]]","center_3d":"[0.00148232,0.71728122,0.66722262]","nearest_3d":"[0.18817461,0.69425297,0.64419484]","type":"obstacle"}}