{"0":{"unique_id":"c6dcb9c0-5c8a-44a8-90ed-7051471b8ef9","ros_timestamp":"1696255441.1835766","T_map_cam":"[[0.95233358,0.00000034,-0.30505861,0.15166535],[0.30505861,-0.00000017,0.95233358,-0.47346948],[0.00000027,-1.00000000,-0.00000027,0.99997541],[0.00000000,0.00000000,0.00000000,1.00000000]]","center_3d":"[-1.34789979,1.71700990,1.11200309]","nearest_3d":"[-1.33660829,0.93297291,0.95080376]","type":"wall-left"},"1":{"unique_id":"2e67c84d-3388-42f5-9b2a-2a9326b163d0","ros_timestamp":"1696255441.1835766","T_map_cam":"[[0.95233358,0.00000034,-0.30505861,0.15166535],[0.30505861,-0.00000017,0.95233358,-0.47346948],[0.00000027,-1.00000000,-0.00000027,0.99997541],[0.00000000,0.00000000,0.00000000,1.00000000]]","center_3d":"[1.29423416,2.36881065,1.12986362]","nearest_3d":"[1.29069805,1.94380617,0.95079589]","type":"wall-right"},"2":{"unique_id":"8cc05e5f-8ac1-4995-9f56-326c2a861cf9","ros_timestamp":"1696255441.1835766","T_map_cam":"[[0.95233358,0.00000034,-0.30505861,0.15166535],[0.30505861,-0.00000017,0.95233358,-0.47346948],[0.00000027,-1.00000000,-0.00000027,0.99997541],[0.00000000,0.00000000,0.00000000,1.00000000]]","center_3d":"[0.00207760,0.71758181,0.66635191]","nearest_3d":"[0.18566017,0.69497013,0.64421624]","type":"obstacle"}}