{"0":{"unique_id":"c6dcb9c0-5c8a-44a8-90ed-7051471b8ef9","ros_timestamp":"1696255490.774981","T_map_cam":"[[-0.85169097,-0.00000009,-0.52404437,0.26053789],[0.52404437,0.00000037,-0.85169097,0.42343328],[0.00000027,-1.00000000,-0.00000027,0.99997541],[0.00000000,0.00000000,0.00000000,1.00000000]]","center_3d":"[-1.31921625,-0.51955420,1.07791936]","nearest_3d":"[-1.33267093,0.41097999,0.95067525]","type":"wall-left"},"1":{"unique_id":"2e67c84d-3388-42f5-9b2a-2a9326b163d0","ros_timestamp":"1696255490.774981","T_map_cam":"[[-0.85169097,-0.00000009,-0.52404437,0.26053789],[0.52404437,0.00000037,-0.85169097,0.42343328],[0.00000027,-1.00000000,-0.00000027,0.99997541],[0.00000000,0.00000000,0.00000000,1.00000000]]","center_3d":"[1.29451060,2.36859775,1.16701949]","nearest_3d":"[1.29069805,1.94380617,0.95079589]","type":"wall-right"},"2":{"unique_id":"9a9e1a1b-8cf9-41b3-b059-f569bea90fe4","ros_timestamp":"1696255490.774981","T_map_cam":"[[-0.85169097,-0.00000009,-0.52404437,0.26053789],[0.52404437,0.00000037,-0.85169097,0.42343328],[0.00000027,-1.00000000,-0.00000027,0.99997541],[0.00000000,0.00000000,0.00000000,1.00000000]]","center_3d":"[-0.03962892,2.92744255,1.26285625]","nearest_3d":"[0.22123571,2.93065548,0.95199466]","type":"wall-front"},"3":{"unique_id":"8cc05e5f-8ac1-4995-9f56-326c2a861cf9","ros_timestamp":"1696255490.774981","T_map_cam":"[[-0.85169097,-0.00000009,-0.52404437,0.26053789],[0.52404437,0.00000037,-0.85169097,0.42343328],[0.00000027,-1.00000000,-0.00000027,0.99997541],[0.00000000,0.00000000,0.00000000,1.00000000]]","center_3d":"[-0.36030683,-2.92949414,1.13221717]","nearest_3d":"[0.07685378,-2.92406178,0.95092911]","type":"obstacle"},"4":{"unique_id":"adb6b55a-84ca-4422-a5df-956bc6260640","ros_timestamp":"1696255490.774981","T_map_cam":"[[-0.85169097,-0.00000009,-0.52404437,0.26053789],[0.52404437,0.00000037,-0.85169097,0.42343328],[0.00000027,-1.00000000,-0.00000027,0.99997541],[0.00000000,0.00000000,0.00000000,1.00000000]]","center_3d":"[-0.01113316,0.73787469,0.67669815]","nearest_3d":"[0.13120623,0.72950137,0.75121629]","type":"obstacle"}}