{"0":{"unique_id":"c6dcb9c0-5c8a-44a8-90ed-7051471b8ef9","ros_timestamp":"1696255441.375974","T_map_cam":"[[0.94923543,0.00000034,-0.31456653,0.15639238],[0.31456653,-0.00000017,0.94923543,-0.47192918],[0.00000027,-1.00000000,-0.00000027,0.99997541],[0.00000000,0.00000000,0.00000000,1.00000000]]","center_3d":"[-1.34769261,1.68197513,1.10679221]","nearest_3d":"[-1.33385444,0.88084793,0.95123291]","type":"wall-left"},"1":{"unique_id":"2e67c84d-3388-42f5-9b2a-2a9326b163d0","ros_timestamp":"1696255441.375974","T_map_cam":"[[0.94923543,0.00000034,-0.31456653,0.15639238],[0.31456653,-0.00000017,0.94923543,-0.47192918],[0.00000027,-1.00000000,-0.00000027,0.99997541],[0.00000000,0.00000000,0.00000000,1.00000000]]","center_3d":"[1.29436433,2.36913586,1.13266718]","nearest_3d":"[1.29069805,1.94380617,0.95079589]","type":"wall-right"},"2":{"unique_id":"8cc05e5f-8ac1-4995-9f56-326c2a861cf9","ros_timestamp":"1696255441.375974","T_map_cam":"[[0.94923543,0.00000034,-0.31456653,0.15639238],[0.31456653,-0.00000017,0.94923543,-0.47192918],[0.00000027,-1.00000000,-0.00000027,0.99997541],[0.00000000,0.00000000,0.00000000,1.00000000]]","center_3d":"[0.00534913,0.71806312,0.66658747]","nearest_3d":"[0.19060755,0.69152021,0.63953137]","type":"obstacle"}}