{"0":{"unique_id":"c6dcb9c0-5c8a-44a8-90ed-7051471b8ef9","ros_timestamp":"1696255491.876647","T_map_cam":"[[-0.87681788,-0.00000011,-0.48082264,0.23904944],[0.48082264,0.00000036,-0.87681788,0.43592556],[0.00000027,-1.00000000,-0.00000027,0.99997541],[0.00000000,0.00000000,0.00000000,1.00000000]]","center_3d":"[-1.31854165,-0.51884282,1.07646680]","nearest_3d":"[-1.33267093,0.41097999,0.95067525]","type":"wall-left"},"1":{"unique_id":"2e67c84d-3388-42f5-9b2a-2a9326b163d0","ros_timestamp":"1696255491.876647","T_map_cam":"[[-0.87681788,-0.00000011,-0.48082264,0.23904944],[0.48082264,0.00000036,-0.87681788,0.43592556],[0.00000027,-1.00000000,-0.00000027,0.99997541],[0.00000000,0.00000000,0.00000000,1.00000000]]","center_3d":"[1.29451060,2.36859775,1.16701949]","nearest_3d":"[1.29069805,1.94380617,0.95079589]","type":"wall-right"},"2":{"unique_id":"9a9e1a1b-8cf9-41b3-b059-f569bea90fe4","ros_timestamp":"1696255491.876647","T_map_cam":"[[-0.87681788,-0.00000011,-0.48082264,0.23904944],[0.48082264,0.00000036,-0.87681788,0.43592556],[0.00000027,-1.00000000,-0.00000027,0.99997541],[0.00000000,0.00000000,0.00000000,1.00000000]]","center_3d":"[-0.03962892,2.92744255,1.26285625]","nearest_3d":"[0.22123571,2.93065548,0.95199466]","type":"wall-front"},"3":{"unique_id":"8cc05e5f-8ac1-4995-9f56-326c2a861cf9","ros_timestamp":"1696255491.876647","T_map_cam":"[[-0.87681788,-0.00000011,-0.48082264,0.23904944],[0.48082264,0.00000036,-0.87681788,0.43592556],[0.00000027,-1.00000000,-0.00000027,0.99997541],[0.00000000,0.00000000,0.00000000,1.00000000]]","center_3d":"[-0.28747308,-2.92856216,1.13196075]","nearest_3d":"[0.21007772,-2.92205119,0.95173049]","type":"obstacle"},"4":{"unique_id":"adb6b55a-84ca-4422-a5df-956bc6260640","ros_timestamp":"1696255491.876647","T_map_cam":"[[-0.87681788,-0.00000011,-0.48082264,0.23904944],[0.48082264,0.00000036,-0.87681788,0.43592556],[0.00000027,-1.00000000,-0.00000027,0.99997541],[0.00000000,0.00000000,0.00000000,1.00000000]]","center_3d":"[-0.01113316,0.73787463,0.67669815]","nearest_3d":"[0.13120623,0.72950137,0.75121629]","type":"obstacle"},"5":{"unique_id":"92c2ba3d-01bd-4742-8036-684898451ee1","ros_timestamp":"1696255491.876647","T_map_cam":"[[-0.87681788,-0.00000011,-0.48082264,0.23904944],[0.48082264,0.00000036,-0.87681788,0.43592556],[0.00000027,-1.00000000,-0.00000027,0.99997541],[0.00000000,0.00000000,0.00000000,1.00000000]]","center_3d":"[0.25597054,-1.55705070,0.43410259]","nearest_3d":"[0.25245422,-1.54335821,0.60749418]","type":"obstacle"}}