{"0":{"unique_id":"c6dcb9c0-5c8a-44a8-90ed-7051471b8ef9","ros_timestamp":"1696255491.9810896","T_map_cam":"[[-0.88158218,-0.00000011,-0.47203057,0.23467830],[0.47203057,0.00000036,-0.88158218,0.43829422],[0.00000027,-1.00000000,-0.00000027,0.99997541],[0.00000000,0.00000000,0.00000000,1.00000000]]","center_3d":"[-1.31896496,-0.51963997,1.07715356]","nearest_3d":"[-1.33267093,0.41097999,0.95067525]","type":"wall-left"},"1":{"unique_id":"2e67c84d-3388-42f5-9b2a-2a9326b163d0","ros_timestamp":"1696255491.9810896","T_map_cam":"[[-0.88158218,-0.00000011,-0.47203057,0.23467830],[0.47203057,0.00000036,-0.88158218,0.43829422],[0.00000027,-1.00000000,-0.00000027,0.99997541],[0.00000000,0.00000000,0.00000000,1.00000000]]","center_3d":"[1.29451060,2.36859775,1.16701949]","nearest_3d":"[1.29069805,1.94380617,0.95079589]","type":"wall-right"},"2":{"unique_id":"9a9e1a1b-8cf9-41b3-b059-f569bea90fe4","ros_timestamp":"1696255491.9810896","T_map_cam":"[[-0.88158218,-0.00000011,-0.47203057,0.23467830],[0.47203057,0.00000036,-0.88158218,0.43829422],[0.00000027,-1.00000000,-0.00000027,0.99997541],[0.00000000,0.00000000,0.00000000,1.00000000]]","center_3d":"[-0.03962892,2.92744255,1.26285625]","nearest_3d":"[0.22123571,2.93065548,0.95199466]","type":"wall-front"},"3":{"unique_id":"8cc05e5f-8ac1-4995-9f56-326c2a861cf9","ros_timestamp":"1696255491.9810896","T_map_cam":"[[-0.88158218,-0.00000011,-0.47203057,0.23467830],[0.47203057,0.00000036,-0.88158218,0.43829422],[0.00000027,-1.00000000,-0.00000027,0.99997541],[0.00000000,0.00000000,0.00000000,1.00000000]]","center_3d":"[-0.28844872,-2.92861533,1.13225102]","nearest_3d":"[0.20969911,-2.92231870,0.95175201]","type":"obstacle"},"4":{"unique_id":"adb6b55a-84ca-4422-a5df-956bc6260640","ros_timestamp":"1696255491.9810896","T_map_cam":"[[-0.88158218,-0.00000011,-0.47203057,0.23467830],[0.47203057,0.00000036,-0.88158218,0.43829422],[0.00000027,-1.00000000,-0.00000027,0.99997541],[0.00000000,0.00000000,0.00000000,1.00000000]]","center_3d":"[-0.01113316,0.73787463,0.67669815]","nearest_3d":"[0.13120623,0.72950137,0.75121629]","type":"obstacle"},"5":{"unique_id":"92c2ba3d-01bd-4742-8036-684898451ee1","ros_timestamp":"1696255491.9810896","T_map_cam":"[[-0.88158218,-0.00000011,-0.47203057,0.23467830],[0.47203057,0.00000036,-0.88158218,0.43829422],[0.00000027,-1.00000000,-0.00000027,0.99997541],[0.00000000,0.00000000,0.00000000,1.00000000]]","center_3d":"[0.26635635,-1.62985337,0.45185161]","nearest_3d":"[0.26666805,-1.53611553,0.65235370]","type":"obstacle"}}