{"0":{"unique_id":"c6dcb9c0-5c8a-44a8-90ed-7051471b8ef9","ros_timestamp":"1696255441.5741067","T_map_cam":"[[0.94604235,0.00000034,-0.32404300,0.16110377],[0.32404300,-0.00000017,0.94604235,-0.47034169],[0.00000027,-1.00000000,-0.00000027,0.99997541],[0.00000000,0.00000000,0.00000000,1.00000000]]","center_3d":"[-1.35243404,1.68821716,1.10941589]","nearest_3d":"[-1.33990073,0.88379896,0.95091820]","type":"wall-left"},"1":{"unique_id":"2e67c84d-3388-42f5-9b2a-2a9326b163d0","ros_timestamp":"1696255441.5741067","T_map_cam":"[[0.94604235,0.00000034,-0.32404300,0.16110377],[0.32404300,-0.00000017,0.94604235,-0.47034169],[0.00000027,-1.00000000,-0.00000027,0.99997541],[0.00000000,0.00000000,0.00000000,1.00000000]]","center_3d":"[1.29451060,2.36859775,1.16701949]","nearest_3d":"[1.29069805,1.94380617,0.95079589]","type":"wall-right"},"2":{"unique_id":"8cc05e5f-8ac1-4995-9f56-326c2a861cf9","ros_timestamp":"1696255441.5741067","T_map_cam":"[[0.94604235,0.00000034,-0.32404300,0.16110377],[0.32404300,-0.00000017,0.94604235,-0.47034169],[0.00000027,-1.00000000,-0.00000027,0.99997541],[0.00000000,0.00000000,0.00000000,1.00000000]]","center_3d":"[0.00390837,0.71799749,0.66593349]","nearest_3d":"[0.19079933,0.69323456,0.63806599]","type":"obstacle"}}