{"0":{"unique_id":"c6dcb9c0-5c8a-44a8-90ed-7051471b8ef9","ros_timestamp":"1696255493.1821058","T_map_cam":"[[-0.90830065,-0.00000013,-0.41831797,0.20797413],[0.41831797,0.00000036,-0.90830065,0.45157778],[0.00000027,-1.00000000,-0.00000027,0.99997541],[0.00000000,0.00000000,0.00000000,1.00000000]]","center_3d":"[-1.31852317,-0.52113760,1.07786024]","nearest_3d":"[-1.33175087,0.50822014,0.95107555]","type":"wall-left"},"1":{"unique_id":"2e67c84d-3388-42f5-9b2a-2a9326b163d0","ros_timestamp":"1696255493.1821058","T_map_cam":"[[-0.90830065,-0.00000013,-0.41831797,0.20797413],[0.41831797,0.00000036,-0.90830065,0.45157778],[0.00000027,-1.00000000,-0.00000027,0.99997541],[0.00000000,0.00000000,0.00000000,1.00000000]]","center_3d":"[1.29451060,2.36859775,1.16701949]","nearest_3d":"[1.29069805,1.94380617,0.95079589]","type":"wall-right"},"2":{"unique_id":"9a9e1a1b-8cf9-41b3-b059-f569bea90fe4","ros_timestamp":"1696255493.1821058","T_map_cam":"[[-0.90830065,-0.00000013,-0.41831797,0.20797413],[0.41831797,0.00000036,-0.90830065,0.45157778],[0.00000027,-1.00000000,-0.00000027,0.99997541],[0.00000000,0.00000000,0.00000000,1.00000000]]","center_3d":"[-0.03962892,2.92744255,1.26285625]","nearest_3d":"[0.22123571,2.93065548,0.95199466]","type":"wall-front"},"3":{"unique_id":"dc9b4d88-0141-4c3e-96cf-54856fb71809","ros_timestamp":"1696255493.1821058","T_map_cam":"[[-0.90830065,-0.00000013,-0.41831797,0.20797413],[0.41831797,0.00000036,-0.90830065,0.45157778],[0.00000027,-1.00000000,-0.00000027,0.99997541],[0.00000000,0.00000000,0.00000000,1.00000000]]","center_3d":"[-0.14143878,-2.92672110,1.22268856]","nearest_3d":"[0.34555268,-2.91968584,0.95160139]","type":"wall-back"},"4":{"unique_id":"8cc05e5f-8ac1-4995-9f56-326c2a861cf9","ros_timestamp":"1696255493.1821058","T_map_cam":"[[-0.90830065,-0.00000013,-0.41831797,0.20797413],[0.41831797,0.00000036,-0.90830065,0.45157778],[0.00000027,-1.00000000,-0.00000027,0.99997541],[0.00000000,0.00000000,0.00000000,1.00000000]]","center_3d":"[-0.01113316,0.73787469,0.67669815]","nearest_3d":"[0.13120623,0.72950137,0.75121629]","type":"obstacle"},"5":{"unique_id":"adb6b55a-84ca-4422-a5df-956bc6260640","ros_timestamp":"1696255493.1821058","T_map_cam":"[[-0.90830065,-0.00000013,-0.41831797,0.20797413],[0.41831797,0.00000036,-0.90830065,0.45157778],[0.00000027,-1.00000000,-0.00000027,0.99997541],[0.00000000,0.00000000,0.00000000,1.00000000]]","center_3d":"[0.30257255,-1.61336577,0.52646118]","nearest_3d":"[0.34606355,-1.46562099,0.80821633]","type":"obstacle"}}