{"0":{"unique_id":"c6dcb9c0-5c8a-44a8-90ed-7051471b8ef9","ros_timestamp":"1696255494.361928","T_map_cam":"[[-0.93175022,-0.00000015,-0.36309987,0.18052148],[0.36309987,0.00000035,-0.93175022,0.46323614],[0.00000027,-1.00000000,-0.00000027,0.99997541],[0.00000000,0.00000000,0.00000000,1.00000000]]","center_3d":"[-1.31869745,-0.52209228,1.07781887]","nearest_3d":"[-1.33175087,0.50822014,0.95107555]","type":"wall-left"},"1":{"unique_id":"2e67c84d-3388-42f5-9b2a-2a9326b163d0","ros_timestamp":"1696255494.361928","T_map_cam":"[[-0.93175022,-0.00000015,-0.36309987,0.18052148],[0.36309987,0.00000035,-0.93175022,0.46323614],[0.00000027,-1.00000000,-0.00000027,0.99997541],[0.00000000,0.00000000,0.00000000,1.00000000]]","center_3d":"[1.29451060,2.36859775,1.16701949]","nearest_3d":"[1.29069805,1.94380617,0.95079589]","type":"wall-right"},"2":{"unique_id":"9a9e1a1b-8cf9-41b3-b059-f569bea90fe4","ros_timestamp":"1696255494.361928","T_map_cam":"[[-0.93175022,-0.00000015,-0.36309987,0.18052148],[0.36309987,0.00000035,-0.93175022,0.46323614],[0.00000027,-1.00000000,-0.00000027,0.99997541],[0.00000000,0.00000000,0.00000000,1.00000000]]","center_3d":"[-0.03962892,2.92744255,1.26285625]","nearest_3d":"[0.13615231,2.92970204,0.95168698]","type":"wall-front"},"3":{"unique_id":"dc9b4d88-0141-4c3e-96cf-54856fb71809","ros_timestamp":"1696255494.361928","T_map_cam":"[[-0.93175022,-0.00000015,-0.36309987,0.18052148],[0.36309987,0.00000035,-0.93175022,0.46323614],[0.00000027,-1.00000000,-0.00000027,0.99997541],[0.00000000,0.00000000,0.00000000,1.00000000]]","center_3d":"[-0.06038504,-2.92559886,1.24970388]","nearest_3d":"[0.17072380,-2.92321348,0.95165157]","type":"wall-back"},"4":{"unique_id":"8cc05e5f-8ac1-4995-9f56-326c2a861cf9","ros_timestamp":"1696255494.361928","T_map_cam":"[[-0.93175022,-0.00000015,-0.36309987,0.18052148],[0.36309987,0.00000035,-0.93175022,0.46323614],[0.00000027,-1.00000000,-0.00000027,0.99997541],[0.00000000,0.00000000,0.00000000,1.00000000]]","center_3d":"[0.32336554,-1.66619384,0.46457195]","nearest_3d":"[0.39345762,-1.44730926,0.78689462]","type":"obstacle"},"5":{"unique_id":"adb6b55a-84ca-4422-a5df-956bc6260640","ros_timestamp":"1696255494.361928","T_map_cam":"[[-0.93175022,-0.00000015,-0.36309987,0.18052148],[0.36309987,0.00000035,-0.93175022,0.46323614],[0.00000027,-1.00000000,-0.00000027,0.99997541],[0.00000000,0.00000000,0.00000000,1.00000000]]","center_3d":"[-0.01113316,0.73787463,0.67669815]","nearest_3d":"[0.13120623,0.72950137,0.75121629]","type":"obstacle"}}