{"0":{"unique_id":"c6dcb9c0-5c8a-44a8-90ed-7051471b8ef9","ros_timestamp":"1696255441.7743797","T_map_cam":"[[0.94275468,0.00000034,-0.33348706,0.16579905],[0.33348706,-0.00000016,0.94275468,-0.46870716],[0.00000027,-1.00000000,-0.00000027,0.99997541],[0.00000000,0.00000000,0.00000000,1.00000000]]","center_3d":"[-1.34644961,1.68496394,1.10942709]","nearest_3d":"[-1.33533621,0.87879372,0.95080841]","type":"wall-left"},"1":{"unique_id":"2e67c84d-3388-42f5-9b2a-2a9326b163d0","ros_timestamp":"1696255441.7743797","T_map_cam":"[[0.94275468,0.00000034,-0.33348706,0.16579905],[0.33348706,-0.00000016,0.94275468,-0.46870716],[0.00000027,-1.00000000,-0.00000027,0.99997541],[0.00000000,0.00000000,0.00000000,1.00000000]]","center_3d":"[1.29436433,2.36913586,1.13266718]","nearest_3d":"[1.29069805,1.94380617,0.95079589]","type":"wall-right"},"2":{"unique_id":"8cc05e5f-8ac1-4995-9f56-326c2a861cf9","ros_timestamp":"1696255441.7743797","T_map_cam":"[[0.94275468,0.00000034,-0.33348706,0.16579905],[0.33348706,-0.00000016,0.94275468,-0.46870716],[0.00000027,-1.00000000,-0.00000027,0.99997541],[0.00000000,0.00000000,0.00000000,1.00000000]]","center_3d":"[0.00446670,0.71728742,0.66537786]","nearest_3d":"[0.19005261,0.69314075,0.64284670]","type":"obstacle"}}