{"0":{"unique_id":"c6dcb9c0-5c8a-44a8-90ed-7051471b8ef9","ros_timestamp":"1696255495.2620492","T_map_cam":"[[-0.94552505,-0.00000017,-0.32554936,0.16185257],[0.32554936,0.00000034,-0.94552505,0.47008454],[0.00000027,-1.00000000,-0.00000027,0.99997541],[0.00000000,0.00000000,0.00000000,1.00000000]]","center_3d":"[-1.31879544,-0.52261174,1.07777178]","nearest_3d":"[-1.33175087,0.50822014,0.95107555]","type":"wall-left"},"1":{"unique_id":"2e67c84d-3388-42f5-9b2a-2a9326b163d0","ros_timestamp":"1696255495.2620492","T_map_cam":"[[-0.94552505,-0.00000017,-0.32554936,0.16185257],[0.32554936,0.00000034,-0.94552505,0.47008454],[0.00000027,-1.00000000,-0.00000027,0.99997541],[0.00000000,0.00000000,0.00000000,1.00000000]]","center_3d":"[1.29451060,2.36859775,1.16701949]","nearest_3d":"[1.29069805,1.94380617,0.95079589]","type":"wall-right"},"2":{"unique_id":"9a9e1a1b-8cf9-41b3-b059-f569bea90fe4","ros_timestamp":"1696255495.2620492","T_map_cam":"[[-0.94552505,-0.00000017,-0.32554936,0.16185257],[0.32554936,0.00000034,-0.94552505,0.47008454],[0.00000027,-1.00000000,-0.00000027,0.99997541],[0.00000000,0.00000000,0.00000000,1.00000000]]","center_3d":"[-0.03962892,2.92744255,1.26285625]","nearest_3d":"[0.13615231,2.92970204,0.95168698]","type":"wall-front"},"3":{"unique_id":"dc9b4d88-0141-4c3e-96cf-54856fb71809","ros_timestamp":"1696255495.2620492","T_map_cam":"[[-0.94552505,-0.00000017,-0.32554936,0.16185257],[0.32554936,0.00000034,-0.94552505,0.47008454],[0.00000027,-1.00000000,-0.00000027,0.99997541],[0.00000000,0.00000000,0.00000000,1.00000000]]","center_3d":"[-0.01765476,-2.92516375,1.26200187]","nearest_3d":"[0.17072380,-2.92321348,0.95165157]","type":"wall-back"},"4":{"unique_id":"8cc05e5f-8ac1-4995-9f56-326c2a861cf9","ros_timestamp":"1696255495.2620492","T_map_cam":"[[-0.94552505,-0.00000017,-0.32554936,0.16185257],[0.32554936,0.00000034,-0.94552505,0.47008454],[0.00000027,-1.00000000,-0.00000027,0.99997541],[0.00000000,0.00000000,0.00000000,1.00000000]]","center_3d":"[0.35001972,-1.62713885,0.49981034]","nearest_3d":"[0.45442456,-1.43175685,0.79509944]","type":"obstacle"},"5":{"unique_id":"adb6b55a-84ca-4422-a5df-956bc6260640","ros_timestamp":"1696255495.2620492","T_map_cam":"[[-0.94552505,-0.00000017,-0.32554936,0.16185257],[0.32554936,0.00000034,-0.94552505,0.47008454],[0.00000027,-1.00000000,-0.00000027,0.99997541],[0.00000000,0.00000000,0.00000000,1.00000000]]","center_3d":"[-0.01113316,0.73787463,0.67669815]","nearest_3d":"[0.13120623,0.72950137,0.75121629]","type":"obstacle"}}