{"0":{"unique_id":"c6dcb9c0-5c8a-44a8-90ed-7051471b8ef9","ros_timestamp":"1696255441.8909855","T_map_cam":"[[0.93937272,0.00000034,-0.34289778,0.17047776],[0.34289778,-0.00000016,0.93937272,-0.46702576],[0.00000027,-1.00000000,-0.00000027,0.99997541],[0.00000000,0.00000000,0.00000000,1.00000000]]","center_3d":"[-1.34737992,1.68516695,1.11186516]","nearest_3d":"[-1.33630395,0.86635900,0.95076102]","type":"wall-left"},"1":{"unique_id":"2e67c84d-3388-42f5-9b2a-2a9326b163d0","ros_timestamp":"1696255441.8909855","T_map_cam":"[[0.93937272,0.00000034,-0.34289778,0.17047776],[0.34289778,-0.00000016,0.93937272,-0.46702576],[0.00000027,-1.00000000,-0.00000027,0.99997541],[0.00000000,0.00000000,0.00000000,1.00000000]]","center_3d":"[1.29436433,2.36913586,1.13266718]","nearest_3d":"[1.29069805,1.94380617,0.95079589]","type":"wall-right"},"2":{"unique_id":"8cc05e5f-8ac1-4995-9f56-326c2a861cf9","ros_timestamp":"1696255441.8909855","T_map_cam":"[[0.93937272,0.00000034,-0.34289778,0.17047776],[0.34289778,-0.00000016,0.93937272,-0.46702576],[0.00000027,-1.00000000,-0.00000027,0.99997541],[0.00000000,0.00000000,0.00000000,1.00000000]]","center_3d":"[0.79541367,2.93480635,1.20006406]","nearest_3d":"[0.79541087,2.93479013,0.95128196]","type":"obstacle"},"3":{"unique_id":"adb6b55a-84ca-4422-a5df-956bc6260640","ros_timestamp":"1696255441.8909855","T_map_cam":"[[0.93937272,0.00000034,-0.34289778,0.17047776],[0.34289778,-0.00000016,0.93937272,-0.46702576],[0.00000027,-1.00000000,-0.00000027,0.99997541],[0.00000000,0.00000000,0.00000000,1.00000000]]","center_3d":"[0.00050664,0.71757305,0.66686243]","nearest_3d":"[0.19101521,0.69441277,0.64260679]","type":"obstacle"}}