{"0":{"unique_id":"c6dcb9c0-5c8a-44a8-90ed-7051471b8ef9","ros_timestamp":"1696255436.482854","T_map_cam":"[[0.99820054,0.00000028,-0.05996398,0.02981221],[0.05996398,-0.00000025,0.99820054,-0.49627307],[0.00000027,-1.00000000,-0.00000027,0.99997541],[0.00000000,0.00000000,0.00000000,1.00000000]]","center_3d":"[-1.35031986,2.08150601,1.13015354]","nearest_3d":"[-1.34360123,1.66255856,0.95077807]","type":"wall-left"},"1":{"unique_id":"2e67c84d-3388-42f5-9b2a-2a9326b163d0","ros_timestamp":"1696255436.482854","T_map_cam":"[[0.99820054,0.00000028,-0.05996398,0.02981221],[0.05996398,-0.00000025,0.99820054,-0.49627307],[0.00000027,-1.00000000,-0.00000027,0.99997541],[0.00000000,0.00000000,0.00000000,1.00000000]]","center_3d":"[1.29533052,2.24168968,1.10274506]","nearest_3d":"[1.29069805,1.94380617,0.95079589]","type":"wall-right"},"2":{"unique_id":"8cc05e5f-8ac1-4995-9f56-326c2a861cf9","ros_timestamp":"1696255436.482854","T_map_cam":"[[0.99820054,0.00000028,-0.05996398,0.02981221],[0.05996398,-0.00000025,0.99820054,-0.49627307],[0.00000027,-1.00000000,-0.00000027,0.99997541],[0.00000000,0.00000000,0.00000000,1.00000000]]","center_3d":"[-0.01545896,0.71922451,0.66437531]","nearest_3d":"[0.18072772,0.69785732,0.65486640]","type":"obstacle"}}