{"0":{"unique_id":"c6dcb9c0-5c8a-44a8-90ed-7051471b8ef9","ros_timestamp":"1696255496.6769538","T_map_cam":"[[-0.96334486,-0.00000019,-0.26826608,0.13337317],[0.26826608,0.00000033,-0.96334486,0.47894397],[0.00000027,-1.00000000,-0.00000027,0.99997541],[0.00000000,0.00000000,0.00000000,1.00000000]]","center_3d":"[-1.31901968,-0.52484769,1.07553804]","nearest_3d":"[-1.33175087,0.50822014,0.95107555]","type":"wall-left"},"1":{"unique_id":"2e67c84d-3388-42f5-9b2a-2a9326b163d0","ros_timestamp":"1696255496.6769538","T_map_cam":"[[-0.96334486,-0.00000019,-0.26826608,0.13337317],[0.26826608,0.00000033,-0.96334486,0.47894397],[0.00000027,-1.00000000,-0.00000027,0.99997541],[0.00000000,0.00000000,0.00000000,1.00000000]]","center_3d":"[1.29451060,2.36859775,1.16701949]","nearest_3d":"[1.29069805,1.94380617,0.95079589]","type":"wall-right"},"2":{"unique_id":"9a9e1a1b-8cf9-41b3-b059-f569bea90fe4","ros_timestamp":"1696255496.6769538","T_map_cam":"[[-0.96334486,-0.00000019,-0.26826608,0.13337317],[0.26826608,0.00000033,-0.96334486,0.47894397],[0.00000027,-1.00000000,-0.00000027,0.99997541],[0.00000000,0.00000000,0.00000000,1.00000000]]","center_3d":"[-0.03962892,2.92744255,1.26285625]","nearest_3d":"[0.13615231,2.92970204,0.95168698]","type":"wall-front"},"3":{"unique_id":"dc9b4d88-0141-4c3e-96cf-54856fb71809","ros_timestamp":"1696255496.6769538","T_map_cam":"[[-0.96334486,-0.00000019,-0.26826608,0.13337317],[0.26826608,0.00000033,-0.96334486,0.47894397],[0.00000027,-1.00000000,-0.00000027,0.99997541],[0.00000000,0.00000000,0.00000000,1.00000000]]","center_3d":"[0.02418316,-2.92465925,1.27306604]","nearest_3d":"[0.17072380,-2.92321348,0.95165157]","type":"wall-back"},"4":{"unique_id":"8cc05e5f-8ac1-4995-9f56-326c2a861cf9","ros_timestamp":"1696255496.6769538","T_map_cam":"[[-0.96334486,-0.00000019,-0.26826608,0.13337317],[0.26826608,0.00000033,-0.96334486,0.47894397],[0.00000027,-1.00000000,-0.00000027,0.99997541],[0.00000000,0.00000000,0.00000000,1.00000000]]","center_3d":"[0.40153572,-1.62462354,0.51753062]","nearest_3d":"[0.37183595,-1.45382702,0.81244606]","type":"obstacle"},"5":{"unique_id":"adb6b55a-84ca-4422-a5df-956bc6260640","ros_timestamp":"1696255496.6769538","T_map_cam":"[[-0.96334486,-0.00000019,-0.26826608,0.13337317],[0.26826608,0.00000033,-0.96334486,0.47894397],[0.00000027,-1.00000000,-0.00000027,0.99997541],[0.00000000,0.00000000,0.00000000,1.00000000]]","center_3d":"[-0.01113316,0.73787463,0.67669815]","nearest_3d":"[0.13120623,0.72950137,0.75121629]","type":"obstacle"}}