{"0":{"unique_id":"c6dcb9c0-5c8a-44a8-90ed-7051471b8ef9","ros_timestamp":"1696255497.7616184","T_map_cam":"[[-0.97554864,-0.00000020,-0.21978364,0.10926927],[0.21978364,0.00000032,-0.97554864,0.48501129],[0.00000027,-1.00000000,-0.00000027,0.99997541],[0.00000000,0.00000000,0.00000000,1.00000000]]","center_3d":"[-1.31892252,-0.52791864,1.07190418]","nearest_3d":"[-1.33175087,0.50822014,0.95107555]","type":"wall-left"},"1":{"unique_id":"2e67c84d-3388-42f5-9b2a-2a9326b163d0","ros_timestamp":"1696255497.7616184","T_map_cam":"[[-0.97554864,-0.00000020,-0.21978364,0.10926927],[0.21978364,0.00000032,-0.97554864,0.48501129],[0.00000027,-1.00000000,-0.00000027,0.99997541],[0.00000000,0.00000000,0.00000000,1.00000000]]","center_3d":"[1.29451060,2.36859775,1.16701949]","nearest_3d":"[1.29069805,1.94380617,0.95079589]","type":"wall-right"},"2":{"unique_id":"9a9e1a1b-8cf9-41b3-b059-f569bea90fe4","ros_timestamp":"1696255497.7616184","T_map_cam":"[[-0.97554864,-0.00000020,-0.21978364,0.10926927],[0.21978364,0.00000032,-0.97554864,0.48501129],[0.00000027,-1.00000000,-0.00000027,0.99997541],[0.00000000,0.00000000,0.00000000,1.00000000]]","center_3d":"[-0.03962892,2.92744255,1.26285625]","nearest_3d":"[0.02373017,2.92829180,0.95059037]","type":"wall-front"},"3":{"unique_id":"dc9b4d88-0141-4c3e-96cf-54856fb71809","ros_timestamp":"1696255497.7616184","T_map_cam":"[[-0.97554864,-0.00000020,-0.21978364,0.10926927],[0.21978364,0.00000032,-0.97554864,0.48501129],[0.00000027,-1.00000000,-0.00000027,0.99997541],[0.00000000,0.00000000,0.00000000,1.00000000]]","center_3d":"[0.02418316,-2.92465925,1.27306604]","nearest_3d":"[0.17072380,-2.92321348,0.95165157]","type":"wall-back"},"4":{"unique_id":"8cc05e5f-8ac1-4995-9f56-326c2a861cf9","ros_timestamp":"1696255497.7616184","T_map_cam":"[[-0.97554864,-0.00000020,-0.21978364,0.10926927],[0.21978364,0.00000032,-0.97554864,0.48501129],[0.00000027,-1.00000000,-0.00000027,0.99997541],[0.00000000,0.00000000,0.00000000,1.00000000]]","center_3d":"[0.41962105,-1.63377750,0.50211340]","nearest_3d":"[0.41730419,-1.43814027,0.80046552]","type":"obstacle"},"5":{"unique_id":"adb6b55a-84ca-4422-a5df-956bc6260640","ros_timestamp":"1696255497.7616184","T_map_cam":"[[-0.97554864,-0.00000020,-0.21978364,0.10926927],[0.21978364,0.00000032,-0.97554864,0.48501129],[0.00000027,-1.00000000,-0.00000027,0.99997541],[0.00000000,0.00000000,0.00000000,1.00000000]]","center_3d":"[-0.01113316,0.73787469,0.67669815]","nearest_3d":"[0.05374099,0.77096587,0.81429100]","type":"obstacle"}}