{"0":{"unique_id":"c6dcb9c0-5c8a-44a8-90ed-7051471b8ef9","ros_timestamp":"1696255442.0763516","T_map_cam":"[[0.93589683,0.00000035,-0.35227421,0.17513941],[0.35227421,-0.00000016,0.93589683,-0.46529766],[0.00000027,-1.00000000,-0.00000027,0.99997541],[0.00000000,0.00000000,0.00000000,1.00000000]]","center_3d":"[-1.34789050,1.68901932,1.11192334]","nearest_3d":"[-1.33639073,0.85160685,0.95073688]","type":"wall-left"},"1":{"unique_id":"2e67c84d-3388-42f5-9b2a-2a9326b163d0","ros_timestamp":"1696255442.0763516","T_map_cam":"[[0.93589683,0.00000035,-0.35227421,0.17513941],[0.35227421,-0.00000016,0.93589683,-0.46529766],[0.00000027,-1.00000000,-0.00000027,0.99997541],[0.00000000,0.00000000,0.00000000,1.00000000]]","center_3d":"[1.29436433,2.36913586,1.13266718]","nearest_3d":"[1.29069805,1.94380617,0.95079589]","type":"wall-right"},"2":{"unique_id":"8cc05e5f-8ac1-4995-9f56-326c2a861cf9","ros_timestamp":"1696255442.0763516","T_map_cam":"[[0.93589683,0.00000035,-0.35227421,0.17513941],[0.35227421,-0.00000016,0.93589683,-0.46529766],[0.00000027,-1.00000000,-0.00000027,0.99997541],[0.00000000,0.00000000,0.00000000,1.00000000]]","center_3d":"[0.76833928,2.93665957,1.20009208]","nearest_3d":"[0.76871252,2.93671083,0.95131189]","type":"obstacle"},"3":{"unique_id":"adb6b55a-84ca-4422-a5df-956bc6260640","ros_timestamp":"1696255442.0763516","T_map_cam":"[[0.93589683,0.00000035,-0.35227421,0.17513941],[0.35227421,-0.00000016,0.93589683,-0.46529766],[0.00000027,-1.00000000,-0.00000027,0.99997541],[0.00000000,0.00000000,0.00000000,1.00000000]]","center_3d":"[0.00090653,0.71851838,0.66838300]","nearest_3d":"[0.18721855,0.69889432,0.63848227]","type":"obstacle"}}