{"0":{"unique_id":"c6dcb9c0-5c8a-44a8-90ed-7051471b8ef9","ros_timestamp":"1696255442.1853902","T_map_cam":"[[0.93589683,0.00000035,-0.35227421,0.17513941],[0.35227421,-0.00000016,0.93589683,-0.46529766],[0.00000027,-1.00000000,-0.00000027,0.99997541],[0.00000000,0.00000000,0.00000000,1.00000000]]","center_3d":"[-1.35220146,1.68316174,1.11133349]","nearest_3d":"[-1.33914971,0.84211439,0.95073193]","type":"wall-left"},"1":{"unique_id":"2e67c84d-3388-42f5-9b2a-2a9326b163d0","ros_timestamp":"1696255442.1853902","T_map_cam":"[[0.93589683,0.00000035,-0.35227421,0.17513941],[0.35227421,-0.00000016,0.93589683,-0.46529766],[0.00000027,-1.00000000,-0.00000027,0.99997541],[0.00000000,0.00000000,0.00000000,1.00000000]]","center_3d":"[1.29451060,2.36859775,1.16701949]","nearest_3d":"[1.29069805,1.94380617,0.95079589]","type":"wall-right"},"2":{"unique_id":"8cc05e5f-8ac1-4995-9f56-326c2a861cf9","ros_timestamp":"1696255442.1853902","T_map_cam":"[[0.93589683,0.00000035,-0.35227421,0.17513941],[0.35227421,-0.00000016,0.93589683,-0.46529766],[0.00000027,-1.00000000,-0.00000027,0.99997541],[0.00000000,0.00000000,0.00000000,1.00000000]]","center_3d":"[0.75745392,2.93792582,1.20367074]","nearest_3d":"[0.74680710,2.93922615,0.95132953]","type":"obstacle"},"3":{"unique_id":"adb6b55a-84ca-4422-a5df-956bc6260640","ros_timestamp":"1696255442.1853902","T_map_cam":"[[0.93589683,0.00000035,-0.35227421,0.17513941],[0.35227421,-0.00000016,0.93589683,-0.46529766],[0.00000027,-1.00000000,-0.00000027,0.99997541],[0.00000000,0.00000000,0.00000000,1.00000000]]","center_3d":"[0.00051040,0.71813524,0.66822791]","nearest_3d":"[0.18658762,0.69963723,0.63772684]","type":"obstacle"}}