{"0":{"unique_id":"c6dcb9c0-5c8a-44a8-90ed-7051471b8ef9","ros_timestamp":"1696255500.7618713","T_map_cam":"[[-0.99667316,-0.00000025,-0.08150218,0.04052019],[0.08150218,0.00000029,-0.99667316,0.49551372],[0.00000027,-1.00000000,-0.00000027,0.99997541],[0.00000000,0.00000000,0.00000000,1.00000000]]","center_3d":"[-1.31887650,-0.52979463,1.07392573]","nearest_3d":"[-1.33175087,0.50822014,0.95107555]","type":"wall-left"},"1":{"unique_id":"2e67c84d-3388-42f5-9b2a-2a9326b163d0","ros_timestamp":"1696255500.7618713","T_map_cam":"[[-0.99667316,-0.00000025,-0.08150218,0.04052019],[0.08150218,0.00000029,-0.99667316,0.49551372],[0.00000027,-1.00000000,-0.00000027,0.99997541],[0.00000000,0.00000000,0.00000000,1.00000000]]","center_3d":"[1.30967987,1.28136981,1.17206788]","nearest_3d":"[1.29069805,1.94380617,0.95079589]","type":"wall-right"},"2":{"unique_id":"9a9e1a1b-8cf9-41b3-b059-f569bea90fe4","ros_timestamp":"1696255500.7618713","T_map_cam":"[[-0.99667316,-0.00000025,-0.08150218,0.04052019],[0.08150218,0.00000029,-0.99667316,0.49551372],[0.00000027,-1.00000000,-0.00000027,0.99997541],[0.00000000,0.00000000,0.00000000,1.00000000]]","center_3d":"[-0.03962892,2.92744255,1.26285625]","nearest_3d":"[0.02373017,2.92829180,0.95059037]","type":"wall-front"},"3":{"unique_id":"dc9b4d88-0141-4c3e-96cf-54856fb71809","ros_timestamp":"1696255500.7618713","T_map_cam":"[[-0.99667316,-0.00000025,-0.08150218,0.04052019],[0.08150218,0.00000029,-0.99667316,0.49551372],[0.00000027,-1.00000000,-0.00000027,0.99997541],[0.00000000,0.00000000,0.00000000,1.00000000]]","center_3d":"[0.02418316,-2.92465925,1.27306604]","nearest_3d":"[0.07763559,-2.92423391,0.95167720]","type":"wall-back"},"4":{"unique_id":"8cc05e5f-8ac1-4995-9f56-326c2a861cf9","ros_timestamp":"1696255500.7618713","T_map_cam":"[[-0.99667316,-0.00000025,-0.08150218,0.04052019],[0.08150218,0.00000029,-0.99667316,0.49551372],[0.00000027,-1.00000000,-0.00000027,0.99997541],[0.00000000,0.00000000,0.00000000,1.00000000]]","center_3d":"[0.42739269,-1.63187206,0.50920290]","nearest_3d":"[0.41180089,-1.43948400,0.79937738]","type":"obstacle"},"5":{"unique_id":"adb6b55a-84ca-4422-a5df-956bc6260640","ros_timestamp":"1696255500.7618713","T_map_cam":"[[-0.99667316,-0.00000025,-0.08150218,0.04052019],[0.08150218,0.00000029,-0.99667316,0.49551372],[0.00000027,-1.00000000,-0.00000027,0.99997541],[0.00000000,0.00000000,0.00000000,1.00000000]]","center_3d":"[-0.01113316,0.73787463,0.67669815]","nearest_3d":"[0.05374099,0.77096587,0.81429100]","type":"obstacle"}}