{"0":{"unique_id":"c6dcb9c0-5c8a-44a8-90ed-7051471b8ef9","ros_timestamp":"1696255442.3629367","T_map_cam":"[[0.93232736,0.00000035,-0.36161540,0.17978356],[0.36161540,-0.00000015,0.93232736,-0.46352303],[0.00000027,-1.00000000,-0.00000027,0.99997541],[0.00000000,0.00000000,0.00000000,1.00000000]]","center_3d":"[-1.35102475,1.64613497,1.10644698]","nearest_3d":"[-1.33670378,0.77238280,0.95102054]","type":"wall-left"},"1":{"unique_id":"2e67c84d-3388-42f5-9b2a-2a9326b163d0","ros_timestamp":"1696255442.3629367","T_map_cam":"[[0.93232736,0.00000035,-0.36161540,0.17978356],[0.36161540,-0.00000015,0.93232736,-0.46352303],[0.00000027,-1.00000000,-0.00000027,0.99997541],[0.00000000,0.00000000,0.00000000,1.00000000]]","center_3d":"[1.29451060,2.36859775,1.16701949]","nearest_3d":"[1.29069805,1.94380617,0.95079589]","type":"wall-right"},"2":{"unique_id":"8cc05e5f-8ac1-4995-9f56-326c2a861cf9","ros_timestamp":"1696255442.3629367","T_map_cam":"[[0.93232736,0.00000035,-0.36161540,0.17978356],[0.36161540,-0.00000015,0.93232736,-0.46352303],[0.00000027,-1.00000000,-0.00000027,0.99997541],[0.00000000,0.00000000,0.00000000,1.00000000]]","center_3d":"[0.73511159,2.93682575,1.16560698]","nearest_3d":"[0.70536345,2.93682003,0.95138377]","type":"obstacle"},"3":{"unique_id":"adb6b55a-84ca-4422-a5df-956bc6260640","ros_timestamp":"1696255442.3629367","T_map_cam":"[[0.93232736,0.00000035,-0.36161540,0.17978356],[0.36161540,-0.00000015,0.93232736,-0.46352303],[0.00000027,-1.00000000,-0.00000027,0.99997541],[0.00000000,0.00000000,0.00000000,1.00000000]]","center_3d":"[0.00147430,0.71930063,0.66838372]","nearest_3d":"[0.18193375,0.70225853,0.65381968]","type":"obstacle"}}