{"0":{"unique_id":"c6dcb9c0-5c8a-44a8-90ed-7051471b8ef9","ros_timestamp":"1696255442.4629958","T_map_cam":"[[0.92866465,0.00000035,-0.37092044,0.18440972],[0.37092044,-0.00000015,0.92866465,-0.46170205],[0.00000027,-1.00000000,-0.00000027,0.99997541],[0.00000000,0.00000000,0.00000000,1.00000000]]","center_3d":"[-1.34719265,1.64374602,1.10647154]","nearest_3d":"[-1.33470035,0.76842016,0.95107830]","type":"wall-left"},"1":{"unique_id":"2e67c84d-3388-42f5-9b2a-2a9326b163d0","ros_timestamp":"1696255442.4629958","T_map_cam":"[[0.92866465,0.00000035,-0.37092044,0.18440972],[0.37092044,-0.00000015,0.92866465,-0.46170205],[0.00000027,-1.00000000,-0.00000027,0.99997541],[0.00000000,0.00000000,0.00000000,1.00000000]]","center_3d":"[1.29451060,2.36859775,1.16701949]","nearest_3d":"[1.29069805,1.94380617,0.95079589]","type":"wall-right"},"2":{"unique_id":"8cc05e5f-8ac1-4995-9f56-326c2a861cf9","ros_timestamp":"1696255442.4629958","T_map_cam":"[[0.92866465,0.00000035,-0.37092044,0.18440972],[0.37092044,-0.00000015,0.92866465,-0.46170205],[0.00000027,-1.00000000,-0.00000027,0.99997541],[0.00000000,0.00000000,0.00000000,1.00000000]]","center_3d":"[0.73257685,2.93601441,1.16099703]","nearest_3d":"[0.69864208,2.93548274,0.95141453]","type":"obstacle"},"3":{"unique_id":"adb6b55a-84ca-4422-a5df-956bc6260640","ros_timestamp":"1696255442.4629958","T_map_cam":"[[0.92866465,0.00000035,-0.37092044,0.18440972],[0.37092044,-0.00000015,0.92866465,-0.46170205],[0.00000027,-1.00000000,-0.00000027,0.99997541],[0.00000000,0.00000000,0.00000000,1.00000000]]","center_3d":"[-0.00073968,0.71930313,0.66776240]","nearest_3d":"[0.18167271,0.70219564,0.65336287]","type":"obstacle"}}