{"0":{"unique_id":"c6dcb9c0-5c8a-44a8-90ed-7051471b8ef9","ros_timestamp":"1696255442.5629566","T_map_cam":"[[0.92866465,0.00000035,-0.37092044,0.18440972],[0.37092044,-0.00000015,0.92866465,-0.46170205],[0.00000027,-1.00000000,-0.00000027,0.99997541],[0.00000000,0.00000000,0.00000000,1.00000000]]","center_3d":"[-1.34737372,1.64082694,1.10926259]","nearest_3d":"[-1.33501053,0.75400329,0.95100778]","type":"wall-left"},"1":{"unique_id":"2e67c84d-3388-42f5-9b2a-2a9326b163d0","ros_timestamp":"1696255442.5629566","T_map_cam":"[[0.92866465,0.00000035,-0.37092044,0.18440972],[0.37092044,-0.00000015,0.92866465,-0.46170205],[0.00000027,-1.00000000,-0.00000027,0.99997541],[0.00000000,0.00000000,0.00000000,1.00000000]]","center_3d":"[1.29451060,2.36859775,1.16701949]","nearest_3d":"[1.29069805,1.94380617,0.95079589]","type":"wall-right"},"2":{"unique_id":"8cc05e5f-8ac1-4995-9f56-326c2a861cf9","ros_timestamp":"1696255442.5629566","T_map_cam":"[[0.92866465,0.00000035,-0.37092044,0.18440972],[0.37092044,-0.00000015,0.92866465,-0.46170205],[0.00000027,-1.00000000,-0.00000027,0.99997541],[0.00000000,0.00000000,0.00000000,1.00000000]]","center_3d":"[0.72599965,2.93603015,1.16522741]","nearest_3d":"[0.68573761,2.93565536,0.95144695]","type":"obstacle"},"3":{"unique_id":"adb6b55a-84ca-4422-a5df-956bc6260640","ros_timestamp":"1696255442.5629566","T_map_cam":"[[0.92866465,0.00000035,-0.37092044,0.18440972],[0.37092044,-0.00000015,0.92866465,-0.46170205],[0.00000027,-1.00000000,-0.00000027,0.99997541],[0.00000000,0.00000000,0.00000000,1.00000000]]","center_3d":"[-0.00104967,0.71871221,0.66781640]","nearest_3d":"[0.18448383,0.70132118,0.64039600]","type":"obstacle"}}