{"0":{"unique_id":"c6dcb9c0-5c8a-44a8-90ed-7051471b8ef9","ros_timestamp":"1696255442.6815658","T_map_cam":"[[0.92490907,0.00000035,-0.38018839,0.18901744],[0.38018839,-0.00000015,0.92490907,-0.45983490],[0.00000027,-1.00000000,-0.00000027,0.99997541],[0.00000000,0.00000000,0.00000000,1.00000000]]","center_3d":"[-1.34535098,1.64133215,1.10926652]","nearest_3d":"[-1.33377206,0.75112677,0.95095813]","type":"wall-left"},"1":{"unique_id":"2e67c84d-3388-42f5-9b2a-2a9326b163d0","ros_timestamp":"1696255442.6815658","T_map_cam":"[[0.92490907,0.00000035,-0.38018839,0.18901744],[0.38018839,-0.00000015,0.92490907,-0.45983490],[0.00000027,-1.00000000,-0.00000027,0.99997541],[0.00000000,0.00000000,0.00000000,1.00000000]]","center_3d":"[1.29451060,2.36859775,1.16701949]","nearest_3d":"[1.29069805,1.94380617,0.95079589]","type":"wall-right"},"2":{"unique_id":"8cc05e5f-8ac1-4995-9f56-326c2a861cf9","ros_timestamp":"1696255442.6815658","T_map_cam":"[[0.92490907,0.00000035,-0.38018839,0.18901744],[0.38018839,-0.00000015,0.92490907,-0.45983490],[0.00000027,-1.00000000,-0.00000027,0.99997541],[0.00000000,0.00000000,0.00000000,1.00000000]]","center_3d":"[0.72485059,2.93548918,1.16443920]","nearest_3d":"[0.68299896,2.93442655,0.95146948]","type":"obstacle"},"3":{"unique_id":"adb6b55a-84ca-4422-a5df-956bc6260640","ros_timestamp":"1696255442.6815658","T_map_cam":"[[0.92490907,0.00000035,-0.38018839,0.18901744],[0.38018839,-0.00000015,0.92490907,-0.45983490],[0.00000027,-1.00000000,-0.00000027,0.99997541],[0.00000000,0.00000000,0.00000000,1.00000000]]","center_3d":"[-0.00020798,0.71857822,0.66819441]","nearest_3d":"[0.18547970,0.70115852,0.63784498]","type":"obstacle"}}