{"0":{"unique_id":"c6dcb9c0-5c8a-44a8-90ed-7051471b8ef9","ros_timestamp":"1696255504.49235","T_map_cam":"[[-0.99516191,-0.00000029,0.09824856,-0.04884607],[-0.09824856,0.00000024,-0.99516191,0.49476236],[0.00000027,-1.00000000,-0.00000027,0.99997541],[0.00000000,0.00000000,0.00000000,1.00000000]]","center_3d":"[-1.31874657,-0.54151142,1.07065678]","nearest_3d":"[-1.33175087,0.50822014,0.95107555]","type":"wall-left"},"1":{"unique_id":"2e67c84d-3388-42f5-9b2a-2a9326b163d0","ros_timestamp":"1696255504.49235","T_map_cam":"[[-0.99516191,-0.00000029,0.09824856,-0.04884607],[-0.09824856,0.00000024,-0.99516191,0.49476236],[0.00000027,-1.00000000,-0.00000027,0.99997541],[0.00000000,0.00000000,0.00000000,1.00000000]]","center_3d":"[1.31863487,0.42293319,1.15445268]","nearest_3d":"[1.29069805,1.94380617,0.95079589]","type":"wall-right"},"2":{"unique_id":"9a9e1a1b-8cf9-41b3-b059-f569bea90fe4","ros_timestamp":"1696255504.49235","T_map_cam":"[[-0.99516191,-0.00000029,0.09824856,-0.04884607],[-0.09824856,0.00000024,-0.99516191,0.49476236],[0.00000027,-1.00000000,-0.00000027,0.99997541],[0.00000000,0.00000000,0.00000000,1.00000000]]","center_3d":"[-0.03962892,2.92744255,1.26285625]","nearest_3d":"[-0.07682808,2.92708445,0.95031822]","type":"wall-front"},"3":{"unique_id":"dc9b4d88-0141-4c3e-96cf-54856fb71809","ros_timestamp":"1696255504.49235","T_map_cam":"[[-0.99516191,-0.00000029,0.09824856,-0.04884607],[-0.09824856,0.00000024,-0.99516191,0.49476236],[0.00000027,-1.00000000,-0.00000027,0.99997541],[0.00000000,0.00000000,0.00000000,1.00000000]]","center_3d":"[0.02418316,-2.92465925,1.27306604]","nearest_3d":"[-0.03052868,-2.92557144,0.95171148]","type":"wall-back"},"4":{"unique_id":"8cc05e5f-8ac1-4995-9f56-326c2a861cf9","ros_timestamp":"1696255504.49235","T_map_cam":"[[-0.99516191,-0.00000029,0.09824856,-0.04884607],[-0.09824856,0.00000024,-0.99516191,0.49476236],[0.00000027,-1.00000000,-0.00000027,0.99997541],[0.00000000,0.00000000,0.00000000,1.00000000]]","center_3d":"[0.42981264,-1.62953138,0.49663192]","nearest_3d":"[0.35794753,-1.46685600,0.81204665]","type":"obstacle"},"5":{"unique_id":"adb6b55a-84ca-4422-a5df-956bc6260640","ros_timestamp":"1696255504.49235","T_map_cam":"[[-0.99516191,-0.00000029,0.09824856,-0.04884607],[-0.09824856,0.00000024,-0.99516191,0.49476236],[0.00000027,-1.00000000,-0.00000027,0.99997541],[0.00000000,0.00000000,0.00000000,1.00000000]]","center_3d":"[-0.01113316,0.73787463,0.67669815]","nearest_3d":"[-0.09799965,0.77374905,0.82375443]","type":"obstacle"}}