{"0":{"unique_id":"c6dcb9c0-5c8a-44a8-90ed-7051471b8ef9","ros_timestamp":"1696255442.7630067","T_map_cam":"[[0.92490907,0.00000035,-0.38018839,0.18901744],[0.38018839,-0.00000015,0.92490907,-0.45983490],[0.00000027,-1.00000000,-0.00000027,0.99997541],[0.00000000,0.00000000,0.00000000,1.00000000]]","center_3d":"[-1.34659767,1.63647461,1.10925400]","nearest_3d":"[-1.33462811,0.73849076,0.95081913]","type":"wall-left"},"1":{"unique_id":"2e67c84d-3388-42f5-9b2a-2a9326b163d0","ros_timestamp":"1696255442.7630067","T_map_cam":"[[0.92490907,0.00000035,-0.38018839,0.18901744],[0.38018839,-0.00000015,0.92490907,-0.45983490],[0.00000027,-1.00000000,-0.00000027,0.99997541],[0.00000000,0.00000000,0.00000000,1.00000000]]","center_3d":"[1.29451060,2.36859775,1.16701949]","nearest_3d":"[1.29069805,1.94380617,0.95079589]","type":"wall-right"},"2":{"unique_id":"8cc05e5f-8ac1-4995-9f56-326c2a861cf9","ros_timestamp":"1696255442.7630067","T_map_cam":"[[0.92490907,0.00000035,-0.38018839,0.18901744],[0.38018839,-0.00000015,0.92490907,-0.45983490],[0.00000027,-1.00000000,-0.00000027,0.99997541],[0.00000000,0.00000000,0.00000000,1.00000000]]","center_3d":"[0.67978013,2.93650579,1.15406322]","nearest_3d":"[0.59735119,2.93789339,0.95146632]","type":"obstacle"},"3":{"unique_id":"adb6b55a-84ca-4422-a5df-956bc6260640","ros_timestamp":"1696255442.7630067","T_map_cam":"[[0.92490907,0.00000035,-0.38018839,0.18901744],[0.38018839,-0.00000015,0.92490907,-0.45983490],[0.00000027,-1.00000000,-0.00000027,0.99997541],[0.00000000,0.00000000,0.00000000,1.00000000]]","center_3d":"[0.00468689,0.71977711,0.66985738]","nearest_3d":"[0.18448520,0.70154256,0.63774639]","type":"obstacle"}}