{"0":{"unique_id":"c6dcb9c0-5c8a-44a8-90ed-7051471b8ef9","ros_timestamp":"1696255442.862967","T_map_cam":"[[0.92106101,0.00000035,-0.38941831,0.19360627],[0.38941831,-0.00000014,0.92106101,-0.45792176],[0.00000027,-1.00000000,-0.00000027,0.99997541],[0.00000000,0.00000000,0.00000000,1.00000000]]","center_3d":"[-1.34494269,1.63620210,1.10923934]","nearest_3d":"[-1.33351183,0.73623252,0.95076209]","type":"wall-left"},"1":{"unique_id":"2e67c84d-3388-42f5-9b2a-2a9326b163d0","ros_timestamp":"1696255442.862967","T_map_cam":"[[0.92106101,0.00000035,-0.38941831,0.19360627],[0.38941831,-0.00000014,0.92106101,-0.45792176],[0.00000027,-1.00000000,-0.00000027,0.99997541],[0.00000000,0.00000000,0.00000000,1.00000000]]","center_3d":"[1.29451060,2.36859775,1.16701949]","nearest_3d":"[1.29069805,1.94380617,0.95079589]","type":"wall-right"},"2":{"unique_id":"8cc05e5f-8ac1-4995-9f56-326c2a861cf9","ros_timestamp":"1696255442.862967","T_map_cam":"[[0.92106101,0.00000035,-0.38941831,0.19360627],[0.38941831,-0.00000014,0.92106101,-0.45792176],[0.00000027,-1.00000000,-0.00000027,0.99997541],[0.00000000,0.00000000,0.00000000,1.00000000]]","center_3d":"[0.67857486,2.93532181,1.15562952]","nearest_3d":"[0.59476471,2.93491268,0.95149511]","type":"obstacle"},"3":{"unique_id":"adb6b55a-84ca-4422-a5df-956bc6260640","ros_timestamp":"1696255442.862967","T_map_cam":"[[0.92106101,0.00000035,-0.38941831,0.19360627],[0.38941831,-0.00000014,0.92106101,-0.45792176],[0.00000027,-1.00000000,-0.00000027,0.99997541],[0.00000000,0.00000000,0.00000000,1.00000000]]","center_3d":"[0.00519612,0.71985352,0.66968828]","nearest_3d":"[0.18444045,0.70163721,0.63769454]","type":"obstacle"}}