{"0":{"unique_id":"c6dcb9c0-5c8a-44a8-90ed-7051471b8ef9","ros_timestamp":"1696255436.562979","T_map_cam":"[[0.99820054,0.00000028,-0.05996398,0.02981221],[0.05996398,-0.00000025,0.99820054,-0.49627307],[0.00000027,-1.00000000,-0.00000027,0.99997541],[0.00000000,0.00000000,0.00000000,1.00000000]]","center_3d":"[-1.35243595,2.07518482,1.13492489]","nearest_3d":"[-1.34542859,1.64423883,0.95084524]","type":"wall-left"},"1":{"unique_id":"2e67c84d-3388-42f5-9b2a-2a9326b163d0","ros_timestamp":"1696255436.562979","T_map_cam":"[[0.99820054,0.00000028,-0.05996398,0.02981221],[0.05996398,-0.00000025,0.99820054,-0.49627307],[0.00000027,-1.00000000,-0.00000027,0.99997541],[0.00000000,0.00000000,0.00000000,1.00000000]]","center_3d":"[1.29550314,2.24666548,1.10986483]","nearest_3d":"[1.29069805,1.94380617,0.95079589]","type":"wall-right"},"2":{"unique_id":"8cc05e5f-8ac1-4995-9f56-326c2a861cf9","ros_timestamp":"1696255436.562979","T_map_cam":"[[0.99820054,0.00000028,-0.05996398,0.02981221],[0.05996398,-0.00000025,0.99820054,-0.49627307],[0.00000027,-1.00000000,-0.00000027,0.99997541],[0.00000000,0.00000000,0.00000000,1.00000000]]","center_3d":"[-0.01528261,0.71978766,0.66542250]","nearest_3d":"[0.17659727,0.69953096,0.65549111]","type":"obstacle"}}