{"0":{"unique_id":"c6dcb9c0-5c8a-44a8-90ed-7051471b8ef9","ros_timestamp":"1696255443.0631435","T_map_cam":"[[0.91712083,0.00000035,-0.39860930,0.19817573],[0.39860930,-0.00000014,0.91712083,-0.45596284],[0.00000027,-1.00000000,-0.00000027,0.99997541],[0.00000000,0.00000000,0.00000000,1.00000000]]","center_3d":"[-1.35103106,1.63646090,1.11177576]","nearest_3d":"[-1.33822286,0.74612331,0.95069283]","type":"wall-left"},"1":{"unique_id":"2e67c84d-3388-42f5-9b2a-2a9326b163d0","ros_timestamp":"1696255443.0631435","T_map_cam":"[[0.91712083,0.00000035,-0.39860930,0.19817573],[0.39860930,-0.00000014,0.91712083,-0.45596284],[0.00000027,-1.00000000,-0.00000027,0.99997541],[0.00000000,0.00000000,0.00000000,1.00000000]]","center_3d":"[1.29451060,2.36859775,1.16701949]","nearest_3d":"[1.29069805,1.94380617,0.95079589]","type":"wall-right"},"2":{"unique_id":"8cc05e5f-8ac1-4995-9f56-326c2a861cf9","ros_timestamp":"1696255443.0631435","T_map_cam":"[[0.91712083,0.00000035,-0.39860930,0.19817573],[0.39860930,-0.00000014,0.91712083,-0.45596284],[0.00000027,-1.00000000,-0.00000027,0.99997541],[0.00000000,0.00000000,0.00000000,1.00000000]]","center_3d":"[0.66605663,2.93542576,1.15798533]","nearest_3d":"[0.56899011,2.93480778,0.95153683]","type":"obstacle"},"3":{"unique_id":"adb6b55a-84ca-4422-a5df-956bc6260640","ros_timestamp":"1696255443.0631435","T_map_cam":"[[0.91712083,0.00000035,-0.39860930,0.19817573],[0.39860930,-0.00000014,0.91712083,-0.45596284],[0.00000027,-1.00000000,-0.00000027,0.99997541],[0.00000000,0.00000000,0.00000000,1.00000000]]","center_3d":"[0.00322237,0.71967655,0.67096555]","nearest_3d":"[0.17765671,0.70117468,0.64673042]","type":"obstacle"}}