{"0":{"unique_id":"c6dcb9c0-5c8a-44a8-90ed-7051471b8ef9","ros_timestamp":"1696255443.1629102","T_map_cam":"[[0.91712083,0.00000035,-0.39860930,0.19817573],[0.39860930,-0.00000014,0.91712083,-0.45596284],[0.00000027,-1.00000000,-0.00000027,0.99997541],[0.00000000,0.00000000,0.00000000,1.00000000]]","center_3d":"[-1.34691262,1.63736594,1.11178648]","nearest_3d":"[-1.33437443,0.74014503,0.95071381]","type":"wall-left"},"1":{"unique_id":"2e67c84d-3388-42f5-9b2a-2a9326b163d0","ros_timestamp":"1696255443.1629102","T_map_cam":"[[0.91712083,0.00000035,-0.39860930,0.19817573],[0.39860930,-0.00000014,0.91712083,-0.45596284],[0.00000027,-1.00000000,-0.00000027,0.99997541],[0.00000000,0.00000000,0.00000000,1.00000000]]","center_3d":"[1.29451060,2.36859775,1.16701949]","nearest_3d":"[1.29069805,1.94380617,0.95079589]","type":"wall-right"},"2":{"unique_id":"8cc05e5f-8ac1-4995-9f56-326c2a861cf9","ros_timestamp":"1696255443.1629102","T_map_cam":"[[0.91712083,0.00000035,-0.39860930,0.19817573],[0.39860930,-0.00000014,0.91712083,-0.45596284],[0.00000027,-1.00000000,-0.00000027,0.99997541],[0.00000000,0.00000000,0.00000000,1.00000000]]","center_3d":"[0.66229576,2.93566751,1.15158188]","nearest_3d":"[0.55808246,2.93580961,0.95171440]","type":"obstacle"},"3":{"unique_id":"adb6b55a-84ca-4422-a5df-956bc6260640","ros_timestamp":"1696255443.1629102","T_map_cam":"[[0.91712083,0.00000035,-0.39860930,0.19817573],[0.39860930,-0.00000014,0.91712083,-0.45596284],[0.00000027,-1.00000000,-0.00000027,0.99997541],[0.00000000,0.00000000,0.00000000,1.00000000]]","center_3d":"[0.00637511,0.71850830,0.66950405]","nearest_3d":"[0.19161287,0.70104355,0.64727825]","type":"obstacle"}}