{"0":{"unique_id":"c6dcb9c0-5c8a-44a8-90ed-7051471b8ef9","ros_timestamp":"1696255443.262905","T_map_cam":"[[0.91308895,0.00000035,-0.40776043,0.20272537],[0.40776043,-0.00000014,0.91308895,-0.45395832],[0.00000027,-1.00000000,-0.00000027,0.99997541],[0.00000000,0.00000000,0.00000000,1.00000000]]","center_3d":"[-1.34516013,1.63777375,1.11179197]","nearest_3d":"[-1.33309162,0.73815227,0.95072079]","type":"wall-left"},"1":{"unique_id":"2e67c84d-3388-42f5-9b2a-2a9326b163d0","ros_timestamp":"1696255443.262905","T_map_cam":"[[0.91308895,0.00000035,-0.40776043,0.20272537],[0.40776043,-0.00000014,0.91308895,-0.45395832],[0.00000027,-1.00000000,-0.00000027,0.99997541],[0.00000000,0.00000000,0.00000000,1.00000000]]","center_3d":"[1.29451060,2.36859775,1.16701949]","nearest_3d":"[1.29069805,1.94380617,0.95079589]","type":"wall-right"},"2":{"unique_id":"8cc05e5f-8ac1-4995-9f56-326c2a861cf9","ros_timestamp":"1696255443.262905","T_map_cam":"[[0.91308895,0.00000035,-0.40776043,0.20272537],[0.40776043,-0.00000014,0.91308895,-0.45395832],[0.00000027,-1.00000000,-0.00000027,0.99997541],[0.00000000,0.00000000,0.00000000,1.00000000]]","center_3d":"[0.66095108,2.93491054,1.15115845]","nearest_3d":"[0.55399114,2.93330097,0.95179111]","type":"obstacle"},"3":{"unique_id":"adb6b55a-84ca-4422-a5df-956bc6260640","ros_timestamp":"1696255443.262905","T_map_cam":"[[0.91308895,0.00000035,-0.40776043,0.20272537],[0.40776043,-0.00000014,0.91308895,-0.45395832],[0.00000027,-1.00000000,-0.00000027,0.99997541],[0.00000000,0.00000000,0.00000000,1.00000000]]","center_3d":"[0.00610073,0.71855330,0.66965604]","nearest_3d":"[0.19161627,0.70104355,0.64727837]","type":"obstacle"}}