{"0":{"unique_id":"c6dcb9c0-5c8a-44a8-90ed-7051471b8ef9","ros_timestamp":"1696255510.461754","T_map_cam":"[[-0.92551341,-0.00000035,0.37871485,-0.18828485],[-0.37871485,0.00000015,-0.92551341,0.46013535],[0.00000027,-1.00000000,-0.00000027,0.99997541],[0.00000000,0.00000000,0.00000000,1.00000000]]","center_3d":"[-1.31899858,-0.53790569,1.07340682]","nearest_3d":"[-1.33175087,0.50822014,0.95107555]","type":"wall-left"},"1":{"unique_id":"2e67c84d-3388-42f5-9b2a-2a9326b163d0","ros_timestamp":"1696255510.461754","T_map_cam":"[[-0.92551341,-0.00000035,0.37871485,-0.18828485],[-0.37871485,0.00000015,-0.92551341,0.46013535],[0.00000027,-1.00000000,-0.00000027,0.99997541],[0.00000000,0.00000000,0.00000000,1.00000000]]","center_3d":"[1.32446742,0.17546970,1.14388537]","nearest_3d":"[1.33740807,-0.74690783,0.95107758]","type":"wall-right"},"2":{"unique_id":"9a9e1a1b-8cf9-41b3-b059-f569bea90fe4","ros_timestamp":"1696255510.461754","T_map_cam":"[[-0.92551341,-0.00000035,0.37871485,-0.18828485],[-0.37871485,0.00000015,-0.92551341,0.46013535],[0.00000027,-1.00000000,-0.00000027,0.99997541],[0.00000000,0.00000000,0.00000000,1.00000000]]","center_3d":"[-0.03962892,2.92744255,1.26285625]","nearest_3d":"[-0.19237418,2.92617631,0.95163035]","type":"wall-front"},"3":{"unique_id":"dc9b4d88-0141-4c3e-96cf-54856fb71809","ros_timestamp":"1696255510.461754","T_map_cam":"[[-0.92551341,-0.00000035,0.37871485,-0.18828485],[-0.37871485,0.00000015,-0.92551341,0.46013535],[0.00000027,-1.00000000,-0.00000027,0.99997541],[0.00000000,0.00000000,0.00000000,1.00000000]]","center_3d":"[-0.02631114,-2.92564893,1.26867867]","nearest_3d":"[-0.12211675,-2.92639875,0.95167232]","type":"wall-back"},"4":{"unique_id":"8cc05e5f-8ac1-4995-9f56-326c2a861cf9","ros_timestamp":"1696255510.461754","T_map_cam":"[[-0.92551341,-0.00000035,0.37871485,-0.18828485],[-0.37871485,0.00000015,-0.92551341,0.46013535],[0.00000027,-1.00000000,-0.00000027,0.99997541],[0.00000000,0.00000000,0.00000000,1.00000000]]","center_3d":"[0.43486497,-1.63204002,0.49728471]","nearest_3d":"[0.39699304,-1.45540619,0.78682119]","type":"obstacle"},"5":{"unique_id":"adb6b55a-84ca-4422-a5df-956bc6260640","ros_timestamp":"1696255510.461754","T_map_cam":"[[-0.92551341,-0.00000035,0.37871485,-0.18828485],[-0.37871485,0.00000015,-0.92551341,0.46013535],[0.00000027,-1.00000000,-0.00000027,0.99997541],[0.00000000,0.00000000,0.00000000,1.00000000]]","center_3d":"[-0.01113316,0.73787463,0.67669815]","nearest_3d":"[-0.13883510,0.74990857,0.80234432]","type":"obstacle"}}