{"0":{"unique_id":"c6dcb9c0-5c8a-44a8-90ed-7051471b8ef9","ros_timestamp":"1696255443.3744113","T_map_cam":"[[0.90896576,0.00000036,-0.41687078,0.20725474],[0.41687078,-0.00000013,0.90896576,-0.45190840],[0.00000027,-1.00000000,-0.00000027,0.99997541],[0.00000000,0.00000000,0.00000000,1.00000000]]","center_3d":"[-1.34668911,1.59669495,1.10998595]","nearest_3d":"[-1.33552933,0.69082355,0.95074016]","type":"wall-left"},"1":{"unique_id":"2e67c84d-3388-42f5-9b2a-2a9326b163d0","ros_timestamp":"1696255443.3744113","T_map_cam":"[[0.90896576,0.00000036,-0.41687078,0.20725474],[0.41687078,-0.00000013,0.90896576,-0.45190840],[0.00000027,-1.00000000,-0.00000027,0.99997541],[0.00000000,0.00000000,0.00000000,1.00000000]]","center_3d":"[1.29451060,2.36859775,1.16701949]","nearest_3d":"[1.29069805,1.94380617,0.95079589]","type":"wall-right"},"2":{"unique_id":"8cc05e5f-8ac1-4995-9f56-326c2a861cf9","ros_timestamp":"1696255443.3744113","T_map_cam":"[[0.90896576,0.00000036,-0.41687078,0.20725474],[0.41687078,-0.00000013,0.90896576,-0.45190840],[0.00000027,-1.00000000,-0.00000027,0.99997541],[0.00000000,0.00000000,0.00000000,1.00000000]]","center_3d":"[0.65122539,2.93607688,1.15154099]","nearest_3d":"[0.52434033,2.93672538,0.95175761]","type":"obstacle"},"3":{"unique_id":"adb6b55a-84ca-4422-a5df-956bc6260640","ros_timestamp":"1696255443.3744113","T_map_cam":"[[0.90896576,0.00000036,-0.41687078,0.20725474],[0.41687078,-0.00000013,0.90896576,-0.45190840],[0.00000027,-1.00000000,-0.00000027,0.99997541],[0.00000000,0.00000000,0.00000000,1.00000000]]","center_3d":"[0.00298222,0.71827286,0.66973853]","nearest_3d":"[0.19161628,0.70104349,0.64727843]","type":"obstacle"}}