{"0":{"unique_id":"c6dcb9c0-5c8a-44a8-90ed-7051471b8ef9","ros_timestamp":"1696255511.082506","T_map_cam":"[[-0.91373722,-0.00000035,0.40630567,-0.20200211],[-0.40630567,0.00000014,-0.91373722,0.45428061],[0.00000027,-1.00000000,-0.00000027,0.99997541],[0.00000000,0.00000000,0.00000000,1.00000000]]","center_3d":"[-1.31904638,-0.53688926,1.07412052]","nearest_3d":"[-1.33175087,0.50822014,0.95107555]","type":"wall-left"},"1":{"unique_id":"2e67c84d-3388-42f5-9b2a-2a9326b163d0","ros_timestamp":"1696255511.082506","T_map_cam":"[[-0.91373722,-0.00000035,0.40630567,-0.20200211],[-0.40630567,0.00000014,-0.91373722,0.45428061],[0.00000027,-1.00000000,-0.00000027,0.99997541],[0.00000000,0.00000000,0.00000000,1.00000000]]","center_3d":"[1.32232273,0.17374367,1.14521623]","nearest_3d":"[1.33425558,-0.74309212,0.95072824]","type":"wall-right"},"2":{"unique_id":"9a9e1a1b-8cf9-41b3-b059-f569bea90fe4","ros_timestamp":"1696255511.082506","T_map_cam":"[[-0.91373722,-0.00000035,0.40630567,-0.20200211],[-0.40630567,0.00000014,-0.91373722,0.45428061],[0.00000027,-1.00000000,-0.00000027,0.99997541],[0.00000000,0.00000000,0.00000000,1.00000000]]","center_3d":"[-0.03962892,2.92744255,1.26285625]","nearest_3d":"[-0.19237418,2.92617631,0.95163035]","type":"wall-front"},"3":{"unique_id":"dc9b4d88-0141-4c3e-96cf-54856fb71809","ros_timestamp":"1696255511.082506","T_map_cam":"[[-0.91373722,-0.00000035,0.40630567,-0.20200211],[-0.40630567,0.00000014,-0.91373722,0.45428061],[0.00000027,-1.00000000,-0.00000027,0.99997541],[0.00000000,0.00000000,0.00000000,1.00000000]]","center_3d":"[-0.02835624,-2.92558813,1.26866865]","nearest_3d":"[-0.12211675,-2.92639875,0.95167232]","type":"wall-back"},"4":{"unique_id":"8cc05e5f-8ac1-4995-9f56-326c2a861cf9","ros_timestamp":"1696255511.082506","T_map_cam":"[[-0.91373722,-0.00000035,0.40630567,-0.20200211],[-0.40630567,0.00000014,-0.91373722,0.45428061],[0.00000027,-1.00000000,-0.00000027,0.99997541],[0.00000000,0.00000000,0.00000000,1.00000000]]","center_3d":"[0.42992380,-1.64005435,0.49659729]","nearest_3d":"[0.37660795,-1.45190096,0.80783141]","type":"obstacle"},"5":{"unique_id":"adb6b55a-84ca-4422-a5df-956bc6260640","ros_timestamp":"1696255511.082506","T_map_cam":"[[-0.91373722,-0.00000035,0.40630567,-0.20200211],[-0.40630567,0.00000014,-0.91373722,0.45428061],[0.00000027,-1.00000000,-0.00000027,0.99997541],[0.00000000,0.00000000,0.00000000,1.00000000]]","center_3d":"[-0.01113316,0.73787463,0.67669815]","nearest_3d":"[-0.13883510,0.74990857,0.80234432]","type":"obstacle"}}