{"0":{"unique_id":"c6dcb9c0-5c8a-44a8-90ed-7051471b8ef9","ros_timestamp":"1696255511.582877","T_map_cam":"[[-0.90113872,-0.00000036,0.43353086,-0.21553759],[-0.43353086,0.00000013,-0.90113872,0.44801705],[0.00000027,-1.00000000,-0.00000027,0.99997541],[0.00000000,0.00000000,0.00000000,1.00000000]]","center_3d":"[-1.31899858,-0.53790569,1.07340682]","nearest_3d":"[-1.33175087,0.50822014,0.95107555]","type":"wall-left"},"1":{"unique_id":"2e67c84d-3388-42f5-9b2a-2a9326b163d0","ros_timestamp":"1696255511.582877","T_map_cam":"[[-0.90113872,-0.00000036,0.43353086,-0.21553759],[-0.43353086,0.00000013,-0.90113872,0.44801705],[0.00000027,-1.00000000,-0.00000027,0.99997541],[0.00000000,0.00000000,0.00000000,1.00000000]]","center_3d":"[1.32479179,0.15702251,1.14323485]","nearest_3d":"[1.33631778,-0.67385918,0.95081019]","type":"wall-right"},"2":{"unique_id":"9a9e1a1b-8cf9-41b3-b059-f569bea90fe4","ros_timestamp":"1696255511.582877","T_map_cam":"[[-0.90113872,-0.00000036,0.43353086,-0.21553759],[-0.43353086,0.00000013,-0.90113872,0.44801705],[0.00000027,-1.00000000,-0.00000027,0.99997541],[0.00000000,0.00000000,0.00000000,1.00000000]]","center_3d":"[-0.03962892,2.92744255,1.26285625]","nearest_3d":"[-0.19237418,2.92617631,0.95163035]","type":"wall-front"},"3":{"unique_id":"dc9b4d88-0141-4c3e-96cf-54856fb71809","ros_timestamp":"1696255511.582877","T_map_cam":"[[-0.90113872,-0.00000036,0.43353086,-0.21553759],[-0.43353086,0.00000013,-0.90113872,0.44801705],[0.00000027,-1.00000000,-0.00000027,0.99997541],[0.00000000,0.00000000,0.00000000,1.00000000]]","center_3d":"[-0.02837493,-2.92611408,1.26865244]","nearest_3d":"[-0.12211675,-2.92639875,0.95167232]","type":"wall-back"},"4":{"unique_id":"8cc05e5f-8ac1-4995-9f56-326c2a861cf9","ros_timestamp":"1696255511.582877","T_map_cam":"[[-0.90113872,-0.00000036,0.43353086,-0.21553759],[-0.43353086,0.00000013,-0.90113872,0.44801705],[0.00000027,-1.00000000,-0.00000027,0.99997541],[0.00000000,0.00000000,0.00000000,1.00000000]]","center_3d":"[0.43199179,-1.63729572,0.49864343]","nearest_3d":"[0.39020339,-1.45070934,0.81658477]","type":"obstacle"},"5":{"unique_id":"adb6b55a-84ca-4422-a5df-956bc6260640","ros_timestamp":"1696255511.582877","T_map_cam":"[[-0.90113872,-0.00000036,0.43353086,-0.21553759],[-0.43353086,0.00000013,-0.90113872,0.44801705],[0.00000027,-1.00000000,-0.00000027,0.99997541],[0.00000000,0.00000000,0.00000000,1.00000000]]","center_3d":"[-0.01113316,0.73787469,0.67669815]","nearest_3d":"[-0.13883510,0.74990857,0.80234432]","type":"obstacle"}}