{"0":{"unique_id":"c6dcb9c0-5c8a-44a8-90ed-7051471b8ef9","ros_timestamp":"1696255511.8617585","T_map_cam":"[[-0.89675843,-0.00000036,0.44252042,-0.22000691],[-0.44252042,0.00000012,-0.89675843,0.44583931],[0.00000027,-1.00000000,-0.00000027,0.99997541],[0.00000000,0.00000000,0.00000000,1.00000000]]","center_3d":"[-1.31898093,-0.53662813,1.07270026]","nearest_3d":"[-1.33267093,0.41097999,0.95067525]","type":"wall-left"},"1":{"unique_id":"2e67c84d-3388-42f5-9b2a-2a9326b163d0","ros_timestamp":"1696255511.8617585","T_map_cam":"[[-0.89675843,-0.00000036,0.44252042,-0.22000691],[-0.44252042,0.00000012,-0.89675843,0.44583931],[0.00000027,-1.00000000,-0.00000027,0.99997541],[0.00000000,0.00000000,0.00000000,1.00000000]]","center_3d":"[1.32268357,0.15436605,1.14313257]","nearest_3d":"[1.33357096,-0.65473467,0.95078433]","type":"wall-right"},"2":{"unique_id":"9a9e1a1b-8cf9-41b3-b059-f569bea90fe4","ros_timestamp":"1696255511.8617585","T_map_cam":"[[-0.89675843,-0.00000036,0.44252042,-0.22000691],[-0.44252042,0.00000012,-0.89675843,0.44583931],[0.00000027,-1.00000000,-0.00000027,0.99997541],[0.00000000,0.00000000,0.00000000,1.00000000]]","center_3d":"[-0.03962892,2.92744255,1.26285625]","nearest_3d":"[-0.28320348,2.92529416,0.95176303]","type":"wall-front"},"3":{"unique_id":"dc9b4d88-0141-4c3e-96cf-54856fb71809","ros_timestamp":"1696255511.8617585","T_map_cam":"[[-0.89675843,-0.00000036,0.44252042,-0.22000691],[-0.44252042,0.00000012,-0.89675843,0.44583931],[0.00000027,-1.00000000,-0.00000027,0.99997541],[0.00000000,0.00000000,0.00000000,1.00000000]]","center_3d":"[-0.02742168,-2.92598677,1.26864731]","nearest_3d":"[-0.12211675,-2.92639875,0.95167232]","type":"wall-back"},"4":{"unique_id":"8cc05e5f-8ac1-4995-9f56-326c2a861cf9","ros_timestamp":"1696255511.8617585","T_map_cam":"[[-0.89675843,-0.00000036,0.44252042,-0.22000691],[-0.44252042,0.00000012,-0.89675843,0.44583931],[0.00000027,-1.00000000,-0.00000027,0.99997541],[0.00000000,0.00000000,0.00000000,1.00000000]]","center_3d":"[0.43228781,-1.63556433,0.49871328]","nearest_3d":"[0.39896989,-1.44479620,0.81875157]","type":"obstacle"},"5":{"unique_id":"adb6b55a-84ca-4422-a5df-956bc6260640","ros_timestamp":"1696255511.8617585","T_map_cam":"[[-0.89675843,-0.00000036,0.44252042,-0.22000691],[-0.44252042,0.00000012,-0.89675843,0.44583931],[0.00000027,-1.00000000,-0.00000027,0.99997541],[0.00000000,0.00000000,0.00000000,1.00000000]]","center_3d":"[-0.01113316,0.73787463,0.67669815]","nearest_3d":"[-0.13883510,0.74990857,0.80234432]","type":"obstacle"}}