{"0":{"unique_id":"c6dcb9c0-5c8a-44a8-90ed-7051471b8ef9","ros_timestamp":"1696255443.4628856","T_map_cam":"[[0.90896576,0.00000036,-0.41687078,0.20725474],[0.41687078,-0.00000013,0.90896576,-0.45190840],[0.00000027,-1.00000000,-0.00000027,0.99997541],[0.00000000,0.00000000,0.00000000,1.00000000]]","center_3d":"[-1.34504580,1.59710145,1.10998809]","nearest_3d":"[-1.33374453,0.69073015,0.95076180]","type":"wall-left"},"1":{"unique_id":"2e67c84d-3388-42f5-9b2a-2a9326b163d0","ros_timestamp":"1696255443.4628856","T_map_cam":"[[0.90896576,0.00000036,-0.41687078,0.20725474],[0.41687078,-0.00000013,0.90896576,-0.45190840],[0.00000027,-1.00000000,-0.00000027,0.99997541],[0.00000000,0.00000000,0.00000000,1.00000000]]","center_3d":"[1.29451060,2.36859775,1.16701949]","nearest_3d":"[1.29069805,1.94380617,0.95079589]","type":"wall-right"},"2":{"unique_id":"8cc05e5f-8ac1-4995-9f56-326c2a861cf9","ros_timestamp":"1696255443.4628856","T_map_cam":"[[0.90896576,0.00000036,-0.41687078,0.20725474],[0.41687078,-0.00000013,0.90896576,-0.45190840],[0.00000027,-1.00000000,-0.00000027,0.99997541],[0.00000000,0.00000000,0.00000000,1.00000000]]","center_3d":"[0.64768881,2.93519521,1.15342152]","nearest_3d":"[0.51509136,2.93412662,0.95177323]","type":"obstacle"},"3":{"unique_id":"adb6b55a-84ca-4422-a5df-956bc6260640","ros_timestamp":"1696255443.4628856","T_map_cam":"[[0.90896576,0.00000036,-0.41687078,0.20725474],[0.41687078,-0.00000013,0.90896576,-0.45190840],[0.00000027,-1.00000000,-0.00000027,0.99997541],[0.00000000,0.00000000,0.00000000,1.00000000]]","center_3d":"[0.01634570,0.73702759,0.66099304]","nearest_3d":"[0.18150045,0.69754660,0.64606488]","type":"obstacle"}}