{"0":{"unique_id":"c6dcb9c0-5c8a-44a8-90ed-7051471b8ef9","ros_timestamp":"1696255511.983598","T_map_cam":"[[-0.89228846,-0.00000036,0.45146573,-0.22445423],[-0.45146573,0.00000012,-0.89228846,0.44361698],[0.00000027,-1.00000000,-0.00000027,0.99997541],[0.00000000,0.00000000,0.00000000,1.00000000]]","center_3d":"[-1.31904638,-0.53688926,1.07412052]","nearest_3d":"[-1.33267093,0.41097999,0.95067525]","type":"wall-left"},"1":{"unique_id":"2e67c84d-3388-42f5-9b2a-2a9326b163d0","ros_timestamp":"1696255511.983598","T_map_cam":"[[-0.89228846,-0.00000036,0.45146573,-0.22445423],[-0.45146573,0.00000012,-0.89228846,0.44361698],[0.00000027,-1.00000000,-0.00000027,0.99997541],[0.00000000,0.00000000,0.00000000,1.00000000]]","center_3d":"[1.32484174,0.15612651,1.14445066]","nearest_3d":"[1.33578181,-0.64570951,0.95075148]","type":"wall-right"},"2":{"unique_id":"9a9e1a1b-8cf9-41b3-b059-f569bea90fe4","ros_timestamp":"1696255511.983598","T_map_cam":"[[-0.89228846,-0.00000036,0.45146573,-0.22445423],[-0.45146573,0.00000012,-0.89228846,0.44361698],[0.00000027,-1.00000000,-0.00000027,0.99997541],[0.00000000,0.00000000,0.00000000,1.00000000]]","center_3d":"[-0.03962892,2.92744255,1.26285625]","nearest_3d":"[-0.28320348,2.92529416,0.95176303]","type":"wall-front"},"3":{"unique_id":"dc9b4d88-0141-4c3e-96cf-54856fb71809","ros_timestamp":"1696255511.983598","T_map_cam":"[[-0.89228846,-0.00000036,0.45146573,-0.22445423],[-0.45146573,0.00000012,-0.89228846,0.44361698],[0.00000027,-1.00000000,-0.00000027,0.99997541],[0.00000000,0.00000000,0.00000000,1.00000000]]","center_3d":"[-0.02748192,-2.92610312,1.26864147]","nearest_3d":"[-0.12211675,-2.92639875,0.95167232]","type":"wall-back"},"4":{"unique_id":"8cc05e5f-8ac1-4995-9f56-326c2a861cf9","ros_timestamp":"1696255511.983598","T_map_cam":"[[-0.89228846,-0.00000036,0.45146573,-0.22445423],[-0.45146573,0.00000012,-0.89228846,0.44361698],[0.00000027,-1.00000000,-0.00000027,0.99997541],[0.00000000,0.00000000,0.00000000,1.00000000]]","center_3d":"[0.43244955,-1.63527811,0.49687776]","nearest_3d":"[0.37795022,-1.45222402,0.81557143]","type":"obstacle"},"5":{"unique_id":"adb6b55a-84ca-4422-a5df-956bc6260640","ros_timestamp":"1696255511.983598","T_map_cam":"[[-0.89228846,-0.00000036,0.45146573,-0.22445423],[-0.45146573,0.00000012,-0.89228846,0.44361698],[0.00000027,-1.00000000,-0.00000027,0.99997541],[0.00000000,0.00000000,0.00000000,1.00000000]]","center_3d":"[-0.01113316,0.73787463,0.67669815]","nearest_3d":"[-0.13883510,0.74990857,0.80234432]","type":"obstacle"}}