{"0":{"unique_id":"c6dcb9c0-5c8a-44a8-90ed-7051471b8ef9","ros_timestamp":"1696255512.2728295","T_map_cam":"[[-0.88772927,-0.00000036,0.46036589,-0.22887911],[-0.46036589,0.00000011,-0.88772927,0.44135030],[0.00000027,-1.00000000,-0.00000027,0.99997541],[0.00000000,0.00000000,0.00000000,1.00000000]]","center_3d":"[-1.31904638,-0.53688926,1.07412052]","nearest_3d":"[-1.33267093,0.41097999,0.95067525]","type":"wall-left"},"1":{"unique_id":"2e67c84d-3388-42f5-9b2a-2a9326b163d0","ros_timestamp":"1696255512.2728295","T_map_cam":"[[-0.88772927,-0.00000036,0.46036589,-0.22887911],[-0.46036589,0.00000011,-0.88772927,0.44135030],[0.00000027,-1.00000000,-0.00000027,0.99997541],[0.00000000,0.00000000,0.00000000,1.00000000]]","center_3d":"[1.32278109,0.15594596,1.14445102]","nearest_3d":"[1.33291662,-0.63387799,0.95080566]","type":"wall-right"},"2":{"unique_id":"9a9e1a1b-8cf9-41b3-b059-f569bea90fe4","ros_timestamp":"1696255512.2728295","T_map_cam":"[[-0.88772927,-0.00000036,0.46036589,-0.22887911],[-0.46036589,0.00000011,-0.88772927,0.44135030],[0.00000027,-1.00000000,-0.00000027,0.99997541],[0.00000000,0.00000000,0.00000000,1.00000000]]","center_3d":"[-0.03962892,2.92744255,1.26285625]","nearest_3d":"[-0.28320348,2.92529416,0.95176303]","type":"wall-front"},"3":{"unique_id":"dc9b4d88-0141-4c3e-96cf-54856fb71809","ros_timestamp":"1696255512.2728295","T_map_cam":"[[-0.88772927,-0.00000036,0.46036589,-0.22887911],[-0.46036589,0.00000011,-0.88772927,0.44135030],[0.00000027,-1.00000000,-0.00000027,0.99997541],[0.00000000,0.00000000,0.00000000,1.00000000]]","center_3d":"[-0.03021785,-2.92613816,1.26863086]","nearest_3d":"[-0.12211675,-2.92639875,0.95167232]","type":"wall-back"},"4":{"unique_id":"8cc05e5f-8ac1-4995-9f56-326c2a861cf9","ros_timestamp":"1696255512.2728295","T_map_cam":"[[-0.88772927,-0.00000036,0.46036589,-0.22887911],[-0.46036589,0.00000011,-0.88772927,0.44135030],[0.00000027,-1.00000000,-0.00000027,0.99997541],[0.00000000,0.00000000,0.00000000,1.00000000]]","center_3d":"[0.43027648,-1.63723385,0.49646819]","nearest_3d":"[0.36322433,-1.45480919,0.81509560]","type":"obstacle"},"5":{"unique_id":"adb6b55a-84ca-4422-a5df-956bc6260640","ros_timestamp":"1696255512.2728295","T_map_cam":"[[-0.88772927,-0.00000036,0.46036589,-0.22887911],[-0.46036589,0.00000011,-0.88772927,0.44135030],[0.00000027,-1.00000000,-0.00000027,0.99997541],[0.00000000,0.00000000,0.00000000,1.00000000]]","center_3d":"[-0.01113316,0.73787463,0.67669815]","nearest_3d":"[-0.13883510,0.74990857,0.80234432]","type":"obstacle"}}