{"0":{"unique_id":"c6dcb9c0-5c8a-44a8-90ed-7051471b8ef9","ros_timestamp":"1696255512.9620118","T_map_cam":"[[-0.86860945,-0.00000037,0.49549735,-0.24634533],[-0.49549735,0.00000010,-0.86860945,0.43184454],[0.00000027,-1.00000000,-0.00000027,0.99997541],[0.00000000,0.00000000,0.00000000,1.00000000]]","center_3d":"[-1.31899858,-0.53790569,1.07340682]","nearest_3d":"[-1.33267093,0.41097999,0.95067525]","type":"wall-left"},"1":{"unique_id":"2e67c84d-3388-42f5-9b2a-2a9326b163d0","ros_timestamp":"1696255512.9620118","T_map_cam":"[[-0.86860945,-0.00000037,0.49549735,-0.24634533],[-0.49549735,0.00000010,-0.86860945,0.43184454],[0.00000027,-1.00000000,-0.00000027,0.99997541],[0.00000000,0.00000000,0.00000000,1.00000000]]","center_3d":"[1.32479537,0.14067741,1.14144313]","nearest_3d":"[1.33508611,-0.54465568,0.95075262]","type":"wall-right"},"2":{"unique_id":"9a9e1a1b-8cf9-41b3-b059-f569bea90fe4","ros_timestamp":"1696255512.9620118","T_map_cam":"[[-0.86860945,-0.00000037,0.49549735,-0.24634533],[-0.49549735,0.00000010,-0.86860945,0.43184454],[0.00000027,-1.00000000,-0.00000027,0.99997541],[0.00000000,0.00000000,0.00000000,1.00000000]]","center_3d":"[-0.03962892,2.92744255,1.26285625]","nearest_3d":"[-0.28320348,2.92529416,0.95176303]","type":"wall-front"},"3":{"unique_id":"dc9b4d88-0141-4c3e-96cf-54856fb71809","ros_timestamp":"1696255512.9620118","T_map_cam":"[[-0.86860945,-0.00000037,0.49549735,-0.24634533],[-0.49549735,0.00000010,-0.86860945,0.43184454],[0.00000027,-1.00000000,-0.00000027,0.99997541],[0.00000000,0.00000000,0.00000000,1.00000000]]","center_3d":"[-0.02896562,-2.92640805,1.26860178]","nearest_3d":"[-0.16478008,-2.93029165,0.95158380]","type":"wall-back"},"4":{"unique_id":"8cc05e5f-8ac1-4995-9f56-326c2a861cf9","ros_timestamp":"1696255512.9620118","T_map_cam":"[[-0.86860945,-0.00000037,0.49549735,-0.24634533],[-0.49549735,0.00000010,-0.86860945,0.43184454],[0.00000027,-1.00000000,-0.00000027,0.99997541],[0.00000000,0.00000000,0.00000000,1.00000000]]","center_3d":"[0.43361926,-1.63759780,0.49767500]","nearest_3d":"[0.36268863,-1.46233249,0.80932575]","type":"obstacle"},"5":{"unique_id":"adb6b55a-84ca-4422-a5df-956bc6260640","ros_timestamp":"1696255512.9620118","T_map_cam":"[[-0.86860945,-0.00000037,0.49549735,-0.24634533],[-0.49549735,0.00000010,-0.86860945,0.43184454],[0.00000027,-1.00000000,-0.00000027,0.99997541],[0.00000000,0.00000000,0.00000000,1.00000000]]","center_3d":"[-0.01113316,0.73787463,0.67669815]","nearest_3d":"[-0.13883510,0.74990857,0.80234432]","type":"obstacle"}}