{"0":{"unique_id":"c6dcb9c0-5c8a-44a8-90ed-7051471b8ef9","ros_timestamp":"1696255513.7830474","T_map_cam":"[[-0.85335592,-0.00000037,0.52132876,-0.25918788],[-0.52132876,0.00000009,-0.85335592,0.42426097],[0.00000027,-1.00000000,-0.00000027,0.99997541],[0.00000000,0.00000000,0.00000000,1.00000000]]","center_3d":"[-1.31896257,-0.53529495,1.07199156]","nearest_3d":"[-1.33267093,0.41097999,0.95067525]","type":"wall-left"},"1":{"unique_id":"2e67c84d-3388-42f5-9b2a-2a9326b163d0","ros_timestamp":"1696255513.7830474","T_map_cam":"[[-0.85335592,-0.00000037,0.52132876,-0.25918788],[-0.52132876,0.00000009,-0.85335592,0.42426097],[0.00000027,-1.00000000,-0.00000027,0.99997541],[0.00000000,0.00000000,0.00000000,1.00000000]]","center_3d":"[1.32303035,0.13058878,1.13915563]","nearest_3d":"[1.33111238,-0.47576341,0.95079678]","type":"wall-right"},"2":{"unique_id":"9a9e1a1b-8cf9-41b3-b059-f569bea90fe4","ros_timestamp":"1696255513.7830474","T_map_cam":"[[-0.85335592,-0.00000037,0.52132876,-0.25918788],[-0.52132876,0.00000009,-0.85335592,0.42426097],[0.00000027,-1.00000000,-0.00000027,0.99997541],[0.00000000,0.00000000,0.00000000,1.00000000]]","center_3d":"[-0.03962892,2.92744255,1.26285625]","nearest_3d":"[-0.28320348,2.92529416,0.95176303]","type":"wall-front"},"3":{"unique_id":"dc9b4d88-0141-4c3e-96cf-54856fb71809","ros_timestamp":"1696255513.7830474","T_map_cam":"[[-0.85335592,-0.00000037,0.52132876,-0.25918788],[-0.52132876,0.00000009,-0.85335592,0.42426097],[0.00000027,-1.00000000,-0.00000027,0.99997541],[0.00000000,0.00000000,0.00000000,1.00000000]]","center_3d":"[-0.02971458,-2.92650795,1.26857662]","nearest_3d":"[-0.22589111,-2.93072891,0.95199448]","type":"wall-back"},"4":{"unique_id":"8cc05e5f-8ac1-4995-9f56-326c2a861cf9","ros_timestamp":"1696255513.7830474","T_map_cam":"[[-0.85335592,-0.00000037,0.52132876,-0.25918788],[-0.52132876,0.00000009,-0.85335592,0.42426097],[0.00000027,-1.00000000,-0.00000027,0.99997541],[0.00000000,0.00000000,0.00000000,1.00000000]]","center_3d":"[0.42952737,-1.64733648,0.49469796]","nearest_3d":"[0.40350875,-1.44039977,0.82095909]","type":"obstacle"},"5":{"unique_id":"adb6b55a-84ca-4422-a5df-956bc6260640","ros_timestamp":"1696255513.7830474","T_map_cam":"[[-0.85335592,-0.00000037,0.52132876,-0.25918788],[-0.52132876,0.00000009,-0.85335592,0.42426097],[0.00000027,-1.00000000,-0.00000027,0.99997541],[0.00000000,0.00000000,0.00000000,1.00000000]]","center_3d":"[-0.01113316,0.73787463,0.67669815]","nearest_3d":"[-0.13883510,0.74990857,0.80234432]","type":"obstacle"}}