{"0":{"unique_id":"c6dcb9c0-5c8a-44a8-90ed-7051471b8ef9","ros_timestamp":"1696255443.6762044","T_map_cam":"[[0.90475168,0.00000036,-0.42593944,0.21176339],[0.42593944,-0.00000013,0.90475168,-0.44981329],[0.00000027,-1.00000000,-0.00000027,0.99997541],[0.00000000,0.00000000,0.00000000,1.00000000]]","center_3d":"[-1.34657562,1.59905684,1.10999131]","nearest_3d":"[-1.33405650,0.68056369,0.95078576]","type":"wall-left"},"1":{"unique_id":"2e67c84d-3388-42f5-9b2a-2a9326b163d0","ros_timestamp":"1696255443.6762044","T_map_cam":"[[0.90475168,0.00000036,-0.42593944,0.21176339],[0.42593944,-0.00000013,0.90475168,-0.44981329],[0.00000027,-1.00000000,-0.00000027,0.99997541],[0.00000000,0.00000000,0.00000000,1.00000000]]","center_3d":"[1.29451060,2.36859775,1.16701949]","nearest_3d":"[1.29069805,1.94380617,0.95079589]","type":"wall-right"},"2":{"unique_id":"8cc05e5f-8ac1-4995-9f56-326c2a861cf9","ros_timestamp":"1696255443.6762044","T_map_cam":"[[0.90475168,0.00000036,-0.42593944,0.21176339],[0.42593944,-0.00000013,0.90475168,-0.44981329],[0.00000027,-1.00000000,-0.00000027,0.99997541],[0.00000000,0.00000000,0.00000000,1.00000000]]","center_3d":"[0.60121810,2.93505955,1.14657164]","nearest_3d":"[0.44001913,2.93287277,0.95156169]","type":"obstacle"},"3":{"unique_id":"adb6b55a-84ca-4422-a5df-956bc6260640","ros_timestamp":"1696255443.6762044","T_map_cam":"[[0.90475168,0.00000036,-0.42593944,0.21176339],[0.42593944,-0.00000013,0.90475168,-0.44981329],[0.00000027,-1.00000000,-0.00000027,0.99997541],[0.00000000,0.00000000,0.00000000,1.00000000]]","center_3d":"[0.01538138,0.73741114,0.66224623]","nearest_3d":"[0.18307798,0.69709980,0.64709491]","type":"obstacle"}}