{"0":{"unique_id":"c6dcb9c0-5c8a-44a8-90ed-7051471b8ef9","ros_timestamp":"1696255443.780562","T_map_cam":"[[0.90044712,0.00000036,-0.43496551,0.21625086],[0.43496551,-0.00000012,0.90044712,-0.44767320],[0.00000027,-1.00000000,-0.00000027,0.99997541],[0.00000000,0.00000000,0.00000000,1.00000000]]","center_3d":"[-1.34689796,1.59522235,1.10942090]","nearest_3d":"[-1.33399200,0.66711068,0.95080996]","type":"wall-left"},"1":{"unique_id":"2e67c84d-3388-42f5-9b2a-2a9326b163d0","ros_timestamp":"1696255443.780562","T_map_cam":"[[0.90044712,0.00000036,-0.43496551,0.21625086],[0.43496551,-0.00000012,0.90044712,-0.44767320],[0.00000027,-1.00000000,-0.00000027,0.99997541],[0.00000000,0.00000000,0.00000000,1.00000000]]","center_3d":"[1.29451060,2.36859775,1.16701949]","nearest_3d":"[1.29069805,1.94380617,0.95079589]","type":"wall-right"},"2":{"unique_id":"9a9e1a1b-8cf9-41b3-b059-f569bea90fe4","ros_timestamp":"1696255443.780562","T_map_cam":"[[0.90044712,0.00000036,-0.43496551,0.21625086],[0.43496551,-0.00000012,0.90044712,-0.44767320],[0.00000027,-1.00000000,-0.00000027,0.99997541],[0.00000000,0.00000000,0.00000000,1.00000000]]","center_3d":"[0.53781992,2.93444443,1.19985807]","nearest_3d":"[0.37086093,2.93314886,0.95137525]","type":"wall-front"},"3":{"unique_id":"8cc05e5f-8ac1-4995-9f56-326c2a861cf9","ros_timestamp":"1696255443.780562","T_map_cam":"[[0.90044712,0.00000036,-0.43496551,0.21625086],[0.43496551,-0.00000012,0.90044712,-0.44767320],[0.00000027,-1.00000000,-0.00000027,0.99997541],[0.00000000,0.00000000,0.00000000,1.00000000]]","center_3d":"[0.01906415,0.73824471,0.66104895]","nearest_3d":"[0.18248586,0.69741499,0.64713097]","type":"obstacle"}}