{"0":{"unique_id":"c6dcb9c0-5c8a-44a8-90ed-7051471b8ef9","ros_timestamp":"1696255443.8631358","T_map_cam":"[[0.90044712,0.00000036,-0.43496551,0.21625086],[0.43496551,-0.00000012,0.90044712,-0.44767320],[0.00000027,-1.00000000,-0.00000027,0.99997541],[0.00000000,0.00000000,0.00000000,1.00000000]]","center_3d":"[-1.35091305,1.59410620,1.10943830]","nearest_3d":"[-1.33713293,0.67043471,0.95078880]","type":"wall-left"},"1":{"unique_id":"2e67c84d-3388-42f5-9b2a-2a9326b163d0","ros_timestamp":"1696255443.8631358","T_map_cam":"[[0.90044712,0.00000036,-0.43496551,0.21625086],[0.43496551,-0.00000012,0.90044712,-0.44767320],[0.00000027,-1.00000000,-0.00000027,0.99997541],[0.00000000,0.00000000,0.00000000,1.00000000]]","center_3d":"[1.29451060,2.36859775,1.16701949]","nearest_3d":"[1.29069805,1.94380617,0.95079589]","type":"wall-right"},"2":{"unique_id":"9a9e1a1b-8cf9-41b3-b059-f569bea90fe4","ros_timestamp":"1696255443.8631358","T_map_cam":"[[0.90044712,0.00000036,-0.43496551,0.21625086],[0.43496551,-0.00000012,0.90044712,-0.44767320],[0.00000027,-1.00000000,-0.00000027,0.99997541],[0.00000000,0.00000000,0.00000000,1.00000000]]","center_3d":"[0.53209549,2.93488431,1.19984770]","nearest_3d":"[0.35614711,2.93391728,0.95138955]","type":"wall-front"},"3":{"unique_id":"8cc05e5f-8ac1-4995-9f56-326c2a861cf9","ros_timestamp":"1696255443.8631358","T_map_cam":"[[0.90044712,0.00000036,-0.43496551,0.21625086],[0.43496551,-0.00000012,0.90044712,-0.44767320],[0.00000027,-1.00000000,-0.00000027,0.99997541],[0.00000000,0.00000000,0.00000000,1.00000000]]","center_3d":"[0.01775146,0.73824960,0.66104615]","nearest_3d":"[0.18169074,0.69766217,0.64712179]","type":"obstacle"}}