{"0":{"unique_id":"c6dcb9c0-5c8a-44a8-90ed-7051471b8ef9","ros_timestamp":"1696255436.6929219","T_map_cam":"[[0.99755100,0.00000029,-0.06994282,0.03477337],[0.06994282,-0.00000025,0.99755100,-0.49595014],[0.00000027,-1.00000000,-0.00000027,0.99997541],[0.00000000,0.00000000,0.00000000,1.00000000]]","center_3d":"[-1.35868537,2.02485728,1.12672222]","nearest_3d":"[-1.35709846,1.59117544,0.95082384]","type":"wall-left"},"1":{"unique_id":"2e67c84d-3388-42f5-9b2a-2a9326b163d0","ros_timestamp":"1696255436.6929219","T_map_cam":"[[0.99755100,0.00000029,-0.06994282,0.03477337],[0.06994282,-0.00000025,0.99755100,-0.49595014],[0.00000027,-1.00000000,-0.00000027,0.99997541],[0.00000000,0.00000000,0.00000000,1.00000000]]","center_3d":"[1.29521930,2.25092936,1.10292780]","nearest_3d":"[1.29069805,1.94380617,0.95079589]","type":"wall-right"},"2":{"unique_id":"8cc05e5f-8ac1-4995-9f56-326c2a861cf9","ros_timestamp":"1696255436.6929219","T_map_cam":"[[0.99755100,0.00000029,-0.06994282,0.03477337],[0.06994282,-0.00000025,0.99755100,-0.49595014],[0.00000027,-1.00000000,-0.00000027,0.99997541],[0.00000000,0.00000000,0.00000000,1.00000000]]","center_3d":"[-0.01532790,0.71979791,0.66542435]","nearest_3d":"[0.17660321,0.69952774,0.65547252]","type":"obstacle"}}