{"0":{"unique_id":"c6dcb9c0-5c8a-44a8-90ed-7051471b8ef9","ros_timestamp":"1696255515.9768357","T_map_cam":"[[-0.79096773,-0.00000038,0.61185787,-0.30419602],[-0.61185787,0.00000005,-0.79096773,0.39324358],[0.00000027,-1.00000000,-0.00000027,0.99997541],[0.00000000,0.00000000,0.00000000,1.00000000]]","center_3d":"[-1.31923771,-0.53713620,1.10525405]","nearest_3d":"[-1.33267093,0.41097999,0.95067525]","type":"wall-left"},"1":{"unique_id":"2e67c84d-3388-42f5-9b2a-2a9326b163d0","ros_timestamp":"1696255515.9768357","T_map_cam":"[[-0.79096773,-0.00000038,0.61185787,-0.30419602],[-0.61185787,0.00000005,-0.79096773,0.39324358],[0.00000027,-1.00000000,-0.00000027,0.99997541],[0.00000000,0.00000000,0.00000000,1.00000000]]","center_3d":"[1.32516789,0.11467569,1.13935232]","nearest_3d":"[1.33083797,-0.34109777,0.95071340]","type":"wall-right"},"2":{"unique_id":"9a9e1a1b-8cf9-41b3-b059-f569bea90fe4","ros_timestamp":"1696255515.9768357","T_map_cam":"[[-0.79096773,-0.00000038,0.61185787,-0.30419602],[-0.61185787,0.00000005,-0.79096773,0.39324358],[0.00000027,-1.00000000,-0.00000027,0.99997541],[0.00000000,0.00000000,0.00000000,1.00000000]]","center_3d":"[-0.03962892,2.92744255,1.26285625]","nearest_3d":"[-0.37628686,2.92433167,0.95186591]","type":"wall-front"},"3":{"unique_id":"dc9b4d88-0141-4c3e-96cf-54856fb71809","ros_timestamp":"1696255515.9768357","T_map_cam":"[[-0.79096773,-0.00000038,0.61185787,-0.30419602],[-0.61185787,0.00000005,-0.79096773,0.39324358],[0.00000027,-1.00000000,-0.00000027,0.99997541],[0.00000000,0.00000000,0.00000000,1.00000000]]","center_3d":"[-0.02689894,-2.92692280,1.26840234]","nearest_3d":"[-0.30974406,-2.93126130,0.95218503]","type":"wall-back"},"4":{"unique_id":"8cc05e5f-8ac1-4995-9f56-326c2a861cf9","ros_timestamp":"1696255515.9768357","T_map_cam":"[[-0.79096773,-0.00000038,0.61185787,-0.30419602],[-0.61185787,0.00000005,-0.79096773,0.39324358],[0.00000027,-1.00000000,-0.00000027,0.99997541],[0.00000000,0.00000000,0.00000000,1.00000000]]","center_3d":"[0.43255323,-1.64960384,0.49936774]","nearest_3d":"[0.38372138,-1.45523715,0.79870820]","type":"obstacle"},"5":{"unique_id":"adb6b55a-84ca-4422-a5df-956bc6260640","ros_timestamp":"1696255515.9768357","T_map_cam":"[[-0.79096773,-0.00000038,0.61185787,-0.30419602],[-0.61185787,0.00000005,-0.79096773,0.39324358],[0.00000027,-1.00000000,-0.00000027,0.99997541],[0.00000000,0.00000000,0.00000000,1.00000000]]","center_3d":"[-0.01113316,0.73787463,0.67669815]","nearest_3d":"[-0.13883510,0.74990857,0.80234432]","type":"obstacle"}}