{"0":{"unique_id":"c6dcb9c0-5c8a-44a8-90ed-7051471b8ef9","ros_timestamp":"1696255516.4778316","T_map_cam":"[[-0.77225884,-0.00000038,0.63530802,-0.31585468],[-0.63530802,0.00000004,-0.77225884,0.38394212],[0.00000027,-1.00000000,-0.00000027,0.99997541],[0.00000000,0.00000000,0.00000000,1.00000000]]","center_3d":"[-1.31909609,-0.53569120,1.07483327]","nearest_3d":"[-1.32985759,0.31342360,0.95067137]","type":"wall-left"},"1":{"unique_id":"2e67c84d-3388-42f5-9b2a-2a9326b163d0","ros_timestamp":"1696255516.4778316","T_map_cam":"[[-0.77225884,-0.00000038,0.63530802,-0.31585468],[-0.63530802,0.00000004,-0.77225884,0.38394212],[0.00000027,-1.00000000,-0.00000027,0.99997541],[0.00000000,0.00000000,0.00000000,1.00000000]]","center_3d":"[1.32267070,0.11342265,1.13855529]","nearest_3d":"[1.32877886,-0.34153533,0.95058197]","type":"wall-right"},"2":{"unique_id":"9a9e1a1b-8cf9-41b3-b059-f569bea90fe4","ros_timestamp":"1696255516.4778316","T_map_cam":"[[-0.77225884,-0.00000038,0.63530802,-0.31585468],[-0.63530802,0.00000004,-0.77225884,0.38394212],[0.00000027,-1.00000000,-0.00000027,0.99997541],[0.00000000,0.00000000,0.00000000,1.00000000]]","center_3d":"[-0.03962892,2.92744255,1.26285625]","nearest_3d":"[-0.37628686,2.92433167,0.95186591]","type":"wall-front"},"3":{"unique_id":"dc9b4d88-0141-4c3e-96cf-54856fb71809","ros_timestamp":"1696255516.4778316","T_map_cam":"[[-0.77225884,-0.00000038,0.63530802,-0.31585468],[-0.63530802,0.00000004,-0.77225884,0.38394212],[0.00000027,-1.00000000,-0.00000027,0.99997541],[0.00000000,0.00000000,0.00000000,1.00000000]]","center_3d":"[-0.02711136,-2.92723680,1.26237476]","nearest_3d":"[-0.30974406,-2.93126130,0.95218503]","type":"wall-back"},"4":{"unique_id":"8cc05e5f-8ac1-4995-9f56-326c2a861cf9","ros_timestamp":"1696255516.4778316","T_map_cam":"[[-0.77225884,-0.00000038,0.63530802,-0.31585468],[-0.63530802,0.00000004,-0.77225884,0.38394212],[0.00000027,-1.00000000,-0.00000027,0.99997541],[0.00000000,0.00000000,0.00000000,1.00000000]]","center_3d":"[0.43329969,-1.64785123,0.49723792]","nearest_3d":"[0.41273478,-1.44435322,0.79857969]","type":"obstacle"},"5":{"unique_id":"adb6b55a-84ca-4422-a5df-956bc6260640","ros_timestamp":"1696255516.4778316","T_map_cam":"[[-0.77225884,-0.00000038,0.63530802,-0.31585468],[-0.63530802,0.00000004,-0.77225884,0.38394212],[0.00000027,-1.00000000,-0.00000027,0.99997541],[0.00000000,0.00000000,0.00000000,1.00000000]]","center_3d":"[-0.01113316,0.73787469,0.67669815]","nearest_3d":"[-0.13883510,0.74990857,0.80234432]","type":"obstacle"}}