{"0":{"unique_id":"c6dcb9c0-5c8a-44a8-90ed-7051471b8ef9","ros_timestamp":"1696255443.9825597","T_map_cam":"[[0.89605251,0.00000036,-0.44394808,0.22071670],[0.44394808,-0.00000012,0.89605251,-0.44548835],[0.00000027,-1.00000000,-0.00000027,0.99997541],[0.00000000,0.00000000,0.00000000,1.00000000]]","center_3d":"[-1.34448493,1.58986509,1.10943425]","nearest_3d":"[-1.33233464,0.66815132,0.95084333]","type":"wall-left"},"1":{"unique_id":"2e67c84d-3388-42f5-9b2a-2a9326b163d0","ros_timestamp":"1696255443.9825597","T_map_cam":"[[0.89605251,0.00000036,-0.44394808,0.22071670],[0.44394808,-0.00000012,0.89605251,-0.44548835],[0.00000027,-1.00000000,-0.00000027,0.99997541],[0.00000000,0.00000000,0.00000000,1.00000000]]","center_3d":"[1.29451060,2.36859775,1.16701949]","nearest_3d":"[1.29069805,1.94380617,0.95079589]","type":"wall-right"},"2":{"unique_id":"9a9e1a1b-8cf9-41b3-b059-f569bea90fe4","ros_timestamp":"1696255443.9825597","T_map_cam":"[[0.89605251,0.00000036,-0.44394808,0.22071670],[0.44394808,-0.00000012,0.89605251,-0.44548835],[0.00000027,-1.00000000,-0.00000027,0.99997541],[0.00000000,0.00000000,0.00000000,1.00000000]]","center_3d":"[0.52702278,2.93394423,1.19982970]","nearest_3d":"[0.34141797,2.93157864,0.95141685]","type":"wall-front"},"3":{"unique_id":"8cc05e5f-8ac1-4995-9f56-326c2a861cf9","ros_timestamp":"1696255443.9825597","T_map_cam":"[[0.89605251,0.00000036,-0.44394808,0.22071670],[0.44394808,-0.00000012,0.89605251,-0.44548835],[0.00000027,-1.00000000,-0.00000027,0.99997541],[0.00000000,0.00000000,0.00000000,1.00000000]]","center_3d":"[0.01919963,0.73883927,0.66218090]","nearest_3d":"[0.18345228,0.69710588,0.64728135]","type":"obstacle"}}