{"0":{"unique_id":"c6dcb9c0-5c8a-44a8-90ed-7051471b8ef9","ros_timestamp":"1696255516.9616697","T_map_cam":"[[-0.75939908,-0.00000038,0.65062511,-0.32346984],[-0.65062511,0.00000003,-0.75939908,0.37754866],[0.00000027,-1.00000000,-0.00000027,0.99997541],[0.00000000,0.00000000,0.00000000,1.00000000]]","center_3d":"[-1.31896257,-0.53529495,1.07199156]","nearest_3d":"[-1.32985759,0.31342360,0.95067137]","type":"wall-left"},"1":{"unique_id":"2e67c84d-3388-42f5-9b2a-2a9326b163d0","ros_timestamp":"1696255516.9616697","T_map_cam":"[[-0.75939908,-0.00000038,0.65062511,-0.32346984],[-0.65062511,0.00000003,-0.75939908,0.37754866],[0.00000027,-1.00000000,-0.00000027,0.99997541],[0.00000000,0.00000000,0.00000000,1.00000000]]","center_3d":"[1.32519865,0.10520376,1.13658154]","nearest_3d":"[1.32956302,-0.27718890,0.95069122]","type":"wall-right"},"2":{"unique_id":"9a9e1a1b-8cf9-41b3-b059-f569bea90fe4","ros_timestamp":"1696255516.9616697","T_map_cam":"[[-0.75939908,-0.00000038,0.65062511,-0.32346984],[-0.65062511,0.00000003,-0.75939908,0.37754866],[0.00000027,-1.00000000,-0.00000027,0.99997541],[0.00000000,0.00000000,0.00000000,1.00000000]]","center_3d":"[-0.03962892,2.92744255,1.26285625]","nearest_3d":"[-0.37628686,2.92433167,0.95186591]","type":"wall-front"},"3":{"unique_id":"dc9b4d88-0141-4c3e-96cf-54856fb71809","ros_timestamp":"1696255516.9616697","T_map_cam":"[[-0.75939908,-0.00000038,0.65062511,-0.32346984],[-0.65062511,0.00000003,-0.75939908,0.37754866],[0.00000027,-1.00000000,-0.00000027,0.99997541],[0.00000000,0.00000000,0.00000000,1.00000000]]","center_3d":"[-0.02157644,-2.92710948,1.26233900]","nearest_3d":"[-0.30974406,-2.93126130,0.95218503]","type":"wall-back"},"4":{"unique_id":"8cc05e5f-8ac1-4995-9f56-326c2a861cf9","ros_timestamp":"1696255516.9616697","T_map_cam":"[[-0.75939908,-0.00000038,0.65062511,-0.32346984],[-0.65062511,0.00000003,-0.75939908,0.37754866],[0.00000027,-1.00000000,-0.00000027,0.99997541],[0.00000000,0.00000000,0.00000000,1.00000000]]","center_3d":"[0.43404749,-1.64673162,0.49486193]","nearest_3d":"[0.41007653,-1.43659830,0.82256442]","type":"obstacle"},"5":{"unique_id":"adb6b55a-84ca-4422-a5df-956bc6260640","ros_timestamp":"1696255516.9616697","T_map_cam":"[[-0.75939908,-0.00000038,0.65062511,-0.32346984],[-0.65062511,0.00000003,-0.75939908,0.37754866],[0.00000027,-1.00000000,-0.00000027,0.99997541],[0.00000000,0.00000000,0.00000000,1.00000000]]","center_3d":"[-0.01113316,0.73787469,0.67669815]","nearest_3d":"[-0.13883510,0.74990857,0.80234432]","type":"obstacle"}}