{"0":{"unique_id":"c6dcb9c0-5c8a-44a8-90ed-7051471b8ef9","ros_timestamp":"1696255517.56212","T_map_cam":"[[-0.73954155,-0.00000038,0.67311091,-0.33464905],[-0.67311091,0.00000002,-0.73954155,0.36767614],[0.00000027,-1.00000000,-0.00000027,0.99997541],[0.00000000,0.00000000,0.00000000,1.00000000]]","center_3d":"[-1.31904638,-0.53688926,1.07412052]","nearest_3d":"[-1.32985759,0.31342360,0.95067137]","type":"wall-left"},"1":{"unique_id":"2e67c84d-3388-42f5-9b2a-2a9326b163d0","ros_timestamp":"1696255517.56212","T_map_cam":"[[-0.73954155,-0.00000038,0.67311091,-0.33464905],[-0.67311091,0.00000002,-0.73954155,0.36767614],[0.00000027,-1.00000000,-0.00000027,0.99997541],[0.00000000,0.00000000,0.00000000,1.00000000]]","center_3d":"[1.32505536,0.10548735,1.13658071]","nearest_3d":"[1.32894444,-0.23979720,0.95065224]","type":"wall-right"},"2":{"unique_id":"9a9e1a1b-8cf9-41b3-b059-f569bea90fe4","ros_timestamp":"1696255517.56212","T_map_cam":"[[-0.73954155,-0.00000038,0.67311091,-0.33464905],[-0.67311091,0.00000002,-0.73954155,0.36767614],[0.00000027,-1.00000000,-0.00000027,0.99997541],[0.00000000,0.00000000,0.00000000,1.00000000]]","center_3d":"[-0.03962892,2.92744255,1.26285625]","nearest_3d":"[-0.37628686,2.92433167,0.95186591]","type":"wall-front"},"3":{"unique_id":"dc9b4d88-0141-4c3e-96cf-54856fb71809","ros_timestamp":"1696255517.56212","T_map_cam":"[[-0.73954155,-0.00000038,0.67311091,-0.33464905],[-0.67311091,0.00000002,-0.73954155,0.36767614],[0.00000027,-1.00000000,-0.00000027,0.99997541],[0.00000000,0.00000000,0.00000000,1.00000000]]","center_3d":"[-0.01607525,-2.92720485,1.24996364]","nearest_3d":"[-0.30974406,-2.93126130,0.95218503]","type":"wall-back"},"4":{"unique_id":"8cc05e5f-8ac1-4995-9f56-326c2a861cf9","ros_timestamp":"1696255517.56212","T_map_cam":"[[-0.73954155,-0.00000038,0.67311091,-0.33464905],[-0.67311091,0.00000002,-0.73954155,0.36767614],[0.00000027,-1.00000000,-0.00000027,0.99997541],[0.00000000,0.00000000,0.00000000,1.00000000]]","center_3d":"[0.43275276,-1.64838076,0.49773687]","nearest_3d":"[0.39586881,-1.44893467,0.81852275]","type":"obstacle"},"5":{"unique_id":"adb6b55a-84ca-4422-a5df-956bc6260640","ros_timestamp":"1696255517.56212","T_map_cam":"[[-0.73954155,-0.00000038,0.67311091,-0.33464905],[-0.67311091,0.00000002,-0.73954155,0.36767614],[0.00000027,-1.00000000,-0.00000027,0.99997541],[0.00000000,0.00000000,0.00000000,1.00000000]]","center_3d":"[-0.01113316,0.73787463,0.67669815]","nearest_3d":"[-0.13883510,0.74990857,0.80234432]","type":"obstacle"}}