{"0":{"unique_id":"c6dcb9c0-5c8a-44a8-90ed-7051471b8ef9","ros_timestamp":"1696255444.0628123","T_map_cam":"[[0.89605251,0.00000036,-0.44394808,0.22071670],[0.44394808,-0.00000012,0.89605251,-0.44548835],[0.00000027,-1.00000000,-0.00000027,0.99997541],[0.00000000,0.00000000,0.00000000,1.00000000]]","center_3d":"[-1.35015619,1.58957613,1.10944819]","nearest_3d":"[-1.33634281,0.65906066,0.95084792]","type":"wall-left"},"1":{"unique_id":"2e67c84d-3388-42f5-9b2a-2a9326b163d0","ros_timestamp":"1696255444.0628123","T_map_cam":"[[0.89605251,0.00000036,-0.44394808,0.22071670],[0.44394808,-0.00000012,0.89605251,-0.44548835],[0.00000027,-1.00000000,-0.00000027,0.99997541],[0.00000000,0.00000000,0.00000000,1.00000000]]","center_3d":"[1.29451060,2.36859775,1.16701949]","nearest_3d":"[1.29069805,1.94380617,0.95079589]","type":"wall-right"},"2":{"unique_id":"9a9e1a1b-8cf9-41b3-b059-f569bea90fe4","ros_timestamp":"1696255444.0628123","T_map_cam":"[[0.89605251,0.00000036,-0.44394808,0.22071670],[0.44394808,-0.00000012,0.89605251,-0.44548835],[0.00000027,-1.00000000,-0.00000027,0.99997541],[0.00000000,0.00000000,0.00000000,1.00000000]]","center_3d":"[0.52764654,2.93437171,1.19980884]","nearest_3d":"[0.34452739,2.93371582,0.95160270]","type":"wall-front"},"3":{"unique_id":"8cc05e5f-8ac1-4995-9f56-326c2a861cf9","ros_timestamp":"1696255444.0628123","T_map_cam":"[[0.89605251,0.00000036,-0.44394808,0.22071670],[0.44394808,-0.00000012,0.89605251,-0.44548835],[0.00000027,-1.00000000,-0.00000027,0.99997541],[0.00000000,0.00000000,0.00000000,1.00000000]]","center_3d":"[0.01934175,0.73821181,0.66071135]","nearest_3d":"[0.19081292,0.69938397,0.64751029]","type":"obstacle"}}