{"0":{"unique_id":"c6dcb9c0-5c8a-44a8-90ed-7051471b8ef9","ros_timestamp":"1696255518.0855687","T_map_cam":"[[-0.72593232,-0.00000038,0.68776614,-0.34193516],[-0.68776614,0.00000001,-0.72593232,0.36091007],[0.00000027,-1.00000000,-0.00000027,0.99997541],[0.00000000,0.00000000,0.00000000,1.00000000]]","center_3d":"[-1.31899858,-0.53790569,1.07340682]","nearest_3d":"[-1.32985759,0.31342360,0.95067137]","type":"wall-left"},"1":{"unique_id":"2e67c84d-3388-42f5-9b2a-2a9326b163d0","ros_timestamp":"1696255518.0855687","T_map_cam":"[[-0.72593232,-0.00000038,0.68776614,-0.34193516],[-0.68776614,0.00000001,-0.72593232,0.36091007],[0.00000027,-1.00000000,-0.00000027,0.99997541],[0.00000000,0.00000000,0.00000000,1.00000000]]","center_3d":"[1.32337356,0.10567397,1.13656843]","nearest_3d":"[1.32798445,-0.23382455,0.95084572]","type":"wall-right"},"2":{"unique_id":"9a9e1a1b-8cf9-41b3-b059-f569bea90fe4","ros_timestamp":"1696255518.0855687","T_map_cam":"[[-0.72593232,-0.00000038,0.68776614,-0.34193516],[-0.68776614,0.00000001,-0.72593232,0.36091007],[0.00000027,-1.00000000,-0.00000027,0.99997541],[0.00000000,0.00000000,0.00000000,1.00000000]]","center_3d":"[-0.03962892,2.92744255,1.26285625]","nearest_3d":"[-0.37628686,2.92433167,0.95186591]","type":"wall-front"},"3":{"unique_id":"dc9b4d88-0141-4c3e-96cf-54856fb71809","ros_timestamp":"1696255518.0855687","T_map_cam":"[[-0.72593232,-0.00000038,0.68776614,-0.34193516],[-0.68776614,0.00000001,-0.72593232,0.36091007],[0.00000027,-1.00000000,-0.00000027,0.99997541],[0.00000000,0.00000000,0.00000000,1.00000000]]","center_3d":"[-0.01053646,-2.92740679,1.24080813]","nearest_3d":"[-0.30974406,-2.93126130,0.95218503]","type":"wall-back"},"4":{"unique_id":"8cc05e5f-8ac1-4995-9f56-326c2a861cf9","ros_timestamp":"1696255518.0855687","T_map_cam":"[[-0.72593232,-0.00000038,0.68776614,-0.34193516],[-0.68776614,0.00000001,-0.72593232,0.36091007],[0.00000027,-1.00000000,-0.00000027,0.99997541],[0.00000000,0.00000000,0.00000000,1.00000000]]","center_3d":"[0.43424696,-1.65018189,0.49435037]","nearest_3d":"[0.39552766,-1.45113921,0.78818983]","type":"obstacle"},"5":{"unique_id":"adb6b55a-84ca-4422-a5df-956bc6260640","ros_timestamp":"1696255518.0855687","T_map_cam":"[[-0.72593232,-0.00000038,0.68776614,-0.34193516],[-0.68776614,0.00000001,-0.72593232,0.36091007],[0.00000027,-1.00000000,-0.00000027,0.99997541],[0.00000000,0.00000000,0.00000000,1.00000000]]","center_3d":"[-0.01113316,0.73787463,0.67669815]","nearest_3d":"[-0.13883510,0.74990857,0.80234432]","type":"obstacle"}}