{"0":{"unique_id":"c6dcb9c0-5c8a-44a8-90ed-7051471b8ef9","ros_timestamp":"1696255518.1619837","T_map_cam":"[[-0.71901848,-0.00000038,0.69499095,-0.34552710],[-0.69499095,0.00000001,-0.71901848,0.35747273],[0.00000027,-1.00000000,-0.00000027,0.99997541],[0.00000000,0.00000000,0.00000000,1.00000000]]","center_3d":"[-1.31898093,-0.53662813,1.07270026]","nearest_3d":"[-1.32985759,0.31342360,0.95067137]","type":"wall-left"},"1":{"unique_id":"2e67c84d-3388-42f5-9b2a-2a9326b163d0","ros_timestamp":"1696255518.1619837","T_map_cam":"[[-0.71901848,-0.00000038,0.69499095,-0.34552710],[-0.69499095,0.00000001,-0.71901848,0.35747273],[0.00000027,-1.00000000,-0.00000027,0.99997541],[0.00000000,0.00000000,0.00000000,1.00000000]]","center_3d":"[1.32556975,0.10156684,1.13449836]","nearest_3d":"[1.32901180,-0.18727040,0.95059985]","type":"wall-right"},"2":{"unique_id":"9a9e1a1b-8cf9-41b3-b059-f569bea90fe4","ros_timestamp":"1696255518.1619837","T_map_cam":"[[-0.71901848,-0.00000038,0.69499095,-0.34552710],[-0.69499095,0.00000001,-0.71901848,0.35747273],[0.00000027,-1.00000000,-0.00000027,0.99997541],[0.00000000,0.00000000,0.00000000,1.00000000]]","center_3d":"[-0.03962892,2.92744255,1.26285625]","nearest_3d":"[-0.37628686,2.92433167,0.95186591]","type":"wall-front"},"3":{"unique_id":"dc9b4d88-0141-4c3e-96cf-54856fb71809","ros_timestamp":"1696255518.1619837","T_map_cam":"[[-0.71901848,-0.00000038,0.69499095,-0.34552710],[-0.69499095,0.00000001,-0.71901848,0.35747273],[0.00000027,-1.00000000,-0.00000027,0.99997541],[0.00000000,0.00000000,0.00000000,1.00000000]]","center_3d":"[-0.00964604,-2.92730880,1.24079764]","nearest_3d":"[-0.30974406,-2.93126130,0.95218503]","type":"wall-back"},"4":{"unique_id":"8cc05e5f-8ac1-4995-9f56-326c2a861cf9","ros_timestamp":"1696255518.1619837","T_map_cam":"[[-0.71901848,-0.00000038,0.69499095,-0.34552710],[-0.69499095,0.00000001,-0.71901848,0.35747273],[0.00000027,-1.00000000,-0.00000027,0.99997541],[0.00000000,0.00000000,0.00000000,1.00000000]]","center_3d":"[0.43247721,-1.65055275,0.49267426]","nearest_3d":"[0.36941049,-1.45843279,0.78666979]","type":"obstacle"},"5":{"unique_id":"adb6b55a-84ca-4422-a5df-956bc6260640","ros_timestamp":"1696255518.1619837","T_map_cam":"[[-0.71901848,-0.00000038,0.69499095,-0.34552710],[-0.69499095,0.00000001,-0.71901848,0.35747273],[0.00000027,-1.00000000,-0.00000027,0.99997541],[0.00000000,0.00000000,0.00000000,1.00000000]]","center_3d":"[-0.01113316,0.73787463,0.67669815]","nearest_3d":"[-0.15104747,0.72906196,0.75570381]","type":"obstacle"}}