{"0":{"unique_id":"c6dcb9c0-5c8a-44a8-90ed-7051471b8ef9","ros_timestamp":"1696255444.1741679","T_map_cam":"[[0.89156830,0.00000036,-0.45288626,0.22516048],[0.45288626,-0.00000012,0.89156830,-0.44325894],[0.00000027,-1.00000000,-0.00000027,0.99997541],[0.00000000,0.00000000,0.00000000,1.00000000]]","center_3d":"[-1.34655654,1.59004450,1.10944223]","nearest_3d":"[-1.33315027,0.65179795,0.95089436]","type":"wall-left"},"1":{"unique_id":"2e67c84d-3388-42f5-9b2a-2a9326b163d0","ros_timestamp":"1696255444.1741679","T_map_cam":"[[0.89156830,0.00000036,-0.45288626,0.22516048],[0.45288626,-0.00000012,0.89156830,-0.44325894],[0.00000027,-1.00000000,-0.00000027,0.99997541],[0.00000000,0.00000000,0.00000000,1.00000000]]","center_3d":"[1.29451060,2.36859775,1.16701949]","nearest_3d":"[1.29069805,1.94380617,0.95079589]","type":"wall-right"},"2":{"unique_id":"9a9e1a1b-8cf9-41b3-b059-f569bea90fe4","ros_timestamp":"1696255444.1741679","T_map_cam":"[[0.89156830,0.00000036,-0.45288626,0.22516048],[0.45288626,-0.00000012,0.89156830,-0.44325894],[0.00000027,-1.00000000,-0.00000027,0.99997541],[0.00000000,0.00000000,0.00000000,1.00000000]]","center_3d":"[0.52799010,2.93400550,1.19979894]","nearest_3d":"[0.34624127,2.93188405,0.95170659]","type":"wall-front"},"3":{"unique_id":"8cc05e5f-8ac1-4995-9f56-326c2a861cf9","ros_timestamp":"1696255444.1741679","T_map_cam":"[[0.89156830,0.00000036,-0.45288626,0.22516048],[0.45288626,-0.00000012,0.89156830,-0.44325894],[0.00000027,-1.00000000,-0.00000027,0.99997541],[0.00000000,0.00000000,0.00000000,1.00000000]]","center_3d":"[0.00551690,0.71935403,0.66837907]","nearest_3d":"[0.18620211,0.69320220,0.64374238]","type":"obstacle"},"4":{"unique_id":"adb6b55a-84ca-4422-a5df-956bc6260640","ros_timestamp":"1696255444.1741679","T_map_cam":"[[0.89156830,0.00000036,-0.45288626,0.22516048],[0.45288626,-0.00000012,0.89156830,-0.44325894],[0.00000027,-1.00000000,-0.00000027,0.99997541],[0.00000000,0.00000000,0.00000000,1.00000000]]","center_3d":"[0.18585250,0.98294771,0.56307745]","nearest_3d":"[0.18585250,0.98294771,0.56307745]","type":"obstacle"}}