{"0":{"unique_id":"c6dcb9c0-5c8a-44a8-90ed-7051471b8ef9","ros_timestamp":"1696255519.7616172","T_map_cam":"[[-0.66864796,-0.00000038,0.74357912,-0.36968356],[-0.74357912,-0.00000002,-0.66864796,0.33243013],[0.00000027,-1.00000000,-0.00000027,0.99997541],[0.00000000,0.00000000,0.00000000,1.00000000]]","center_3d":"[-1.31899858,-0.53790569,1.07340682]","nearest_3d":"[-1.32985759,0.31342360,0.95067137]","type":"wall-left"},"1":{"unique_id":"2e67c84d-3388-42f5-9b2a-2a9326b163d0","ros_timestamp":"1696255519.7616172","T_map_cam":"[[-0.66864796,-0.00000038,0.74357912,-0.36968356],[-0.74357912,-0.00000002,-0.66864796,0.33243013],[0.00000027,-1.00000000,-0.00000027,0.99997541],[0.00000000,0.00000000,0.00000000,1.00000000]]","center_3d":"[1.32358968,0.09393650,1.13157737]","nearest_3d":"[1.32621193,-0.08898564,0.95074123]","type":"wall-right"},"2":{"unique_id":"9a9e1a1b-8cf9-41b3-b059-f569bea90fe4","ros_timestamp":"1696255519.7616172","T_map_cam":"[[-0.66864796,-0.00000038,0.74357912,-0.36968356],[-0.74357912,-0.00000002,-0.66864796,0.33243013],[0.00000027,-1.00000000,-0.00000027,0.99997541],[0.00000000,0.00000000,0.00000000,1.00000000]]","center_3d":"[-0.03962892,2.92744255,1.26285625]","nearest_3d":"[-0.37628686,2.92433167,0.95186591]","type":"wall-front"},"3":{"unique_id":"dc9b4d88-0141-4c3e-96cf-54856fb71809","ros_timestamp":"1696255519.7616172","T_map_cam":"[[-0.66864796,-0.00000038,0.74357912,-0.36968356],[-0.74357912,-0.00000002,-0.66864796,0.33243013],[0.00000027,-1.00000000,-0.00000027,0.99997541],[0.00000000,0.00000000,0.00000000,1.00000000]]","center_3d":"[0.00557632,-2.92757058,1.22755349]","nearest_3d":"[-0.30974406,-2.93126130,0.95218503]","type":"wall-back"},"4":{"unique_id":"8cc05e5f-8ac1-4995-9f56-326c2a861cf9","ros_timestamp":"1696255519.7616172","T_map_cam":"[[-0.66864796,-0.00000038,0.74357912,-0.36968356],[-0.74357912,-0.00000002,-0.66864796,0.33243013],[0.00000027,-1.00000000,-0.00000027,0.99997541],[0.00000000,0.00000000,0.00000000,1.00000000]]","center_3d":"[0.43290186,-1.64732003,0.49437365]","nearest_3d":"[0.37356830,-1.45385242,0.81123090]","type":"obstacle"},"5":{"unique_id":"adb6b55a-84ca-4422-a5df-956bc6260640","ros_timestamp":"1696255519.7616172","T_map_cam":"[[-0.66864796,-0.00000038,0.74357912,-0.36968356],[-0.74357912,-0.00000002,-0.66864796,0.33243013],[0.00000027,-1.00000000,-0.00000027,0.99997541],[0.00000000,0.00000000,0.00000000,1.00000000]]","center_3d":"[-0.01113316,0.73787463,0.67669815]","nearest_3d":"[-0.15104747,0.72906196,0.75570381]","type":"obstacle"}}