{"0":{"unique_id":"c6dcb9c0-5c8a-44a8-90ed-7051471b8ef9","ros_timestamp":"1696255520.2617517","T_map_cam":"[[-0.64604306,-0.00000038,0.76330096,-0.37948863],[-0.76330096,-0.00000003,-0.64604306,0.32119170],[0.00000027,-1.00000000,-0.00000027,0.99997541],[0.00000000,0.00000000,0.00000000,1.00000000]]","center_3d":"[-1.31896257,-0.53529495,1.07199156]","nearest_3d":"[-1.32985759,0.31342360,0.95067137]","type":"wall-left"},"1":{"unique_id":"2e67c84d-3388-42f5-9b2a-2a9326b163d0","ros_timestamp":"1696255520.2617517","T_map_cam":"[[-0.64604306,-0.00000038,0.76330096,-0.37948863],[-0.76330096,-0.00000003,-0.64604306,0.32119170],[0.00000027,-1.00000000,-0.00000027,0.99997541],[0.00000000,0.00000000,0.00000000,1.00000000]]","center_3d":"[1.32591951,0.09399951,1.13158309]","nearest_3d":"[1.32602572,-0.05299353,0.95076346]","type":"wall-right"},"2":{"unique_id":"9a9e1a1b-8cf9-41b3-b059-f569bea90fe4","ros_timestamp":"1696255520.2617517","T_map_cam":"[[-0.64604306,-0.00000038,0.76330096,-0.37948863],[-0.76330096,-0.00000003,-0.64604306,0.32119170],[0.00000027,-1.00000000,-0.00000027,0.99997541],[0.00000000,0.00000000,0.00000000,1.00000000]]","center_3d":"[-0.03962892,2.92744255,1.26285625]","nearest_3d":"[-0.37628686,2.92433167,0.95186591]","type":"wall-front"},"3":{"unique_id":"dc9b4d88-0141-4c3e-96cf-54856fb71809","ros_timestamp":"1696255520.2617517","T_map_cam":"[[-0.64604306,-0.00000038,0.76330096,-0.37948863],[-0.76330096,-0.00000003,-0.64604306,0.32119170],[0.00000027,-1.00000000,-0.00000027,0.99997541],[0.00000000,0.00000000,0.00000000,1.00000000]]","center_3d":"[0.01352370,-2.92751169,1.22013628]","nearest_3d":"[-0.30974406,-2.93126130,0.95218503]","type":"wall-back"},"4":{"unique_id":"8cc05e5f-8ac1-4995-9f56-326c2a861cf9","ros_timestamp":"1696255520.2617517","T_map_cam":"[[-0.64604306,-0.00000038,0.76330096,-0.37948863],[-0.76330096,-0.00000003,-0.64604306,0.32119170],[0.00000027,-1.00000000,-0.00000027,0.99997541],[0.00000000,0.00000000,0.00000000,1.00000000]]","center_3d":"[0.43577081,-1.64891946,0.49304107]","nearest_3d":"[0.39081752,-1.45334899,0.80596709]","type":"obstacle"},"5":{"unique_id":"adb6b55a-84ca-4422-a5df-956bc6260640","ros_timestamp":"1696255520.2617517","T_map_cam":"[[-0.64604306,-0.00000038,0.76330096,-0.37948863],[-0.76330096,-0.00000003,-0.64604306,0.32119170],[0.00000027,-1.00000000,-0.00000027,0.99997541],[0.00000000,0.00000000,0.00000000,1.00000000]]","center_3d":"[-0.01113316,0.73787463,0.67669815]","nearest_3d":"[-0.20692565,0.68910581,0.66627508]","type":"obstacle"}}