{"0":{"unique_id":"c6dcb9c0-5c8a-44a8-90ed-7051471b8ef9","ros_timestamp":"1696255444.3630028","T_map_cam":"[[0.88699494,0.00000036,-0.46177915,0.22958173],[0.46177915,-0.00000011,0.88699494,-0.44098521],[0.00000027,-1.00000000,-0.00000027,0.99997541],[0.00000000,0.00000000,0.00000000,1.00000000]]","center_3d":"[-1.35043681,1.55227065,1.11030233]","nearest_3d":"[-1.33704138,0.58879000,0.95065159]","type":"wall-left"},"1":{"unique_id":"2e67c84d-3388-42f5-9b2a-2a9326b163d0","ros_timestamp":"1696255444.3630028","T_map_cam":"[[0.88699494,0.00000036,-0.46177915,0.22958173],[0.46177915,-0.00000011,0.88699494,-0.44098521],[0.00000027,-1.00000000,-0.00000027,0.99997541],[0.00000000,0.00000000,0.00000000,1.00000000]]","center_3d":"[1.29451060,2.36859775,1.16701949]","nearest_3d":"[1.29069805,1.94380617,0.95079589]","type":"wall-right"},"2":{"unique_id":"9a9e1a1b-8cf9-41b3-b059-f569bea90fe4","ros_timestamp":"1696255444.3630028","T_map_cam":"[[0.88699494,0.00000036,-0.46177915,0.22958173],[0.46177915,-0.00000011,0.88699494,-0.44098521],[0.00000027,-1.00000000,-0.00000027,0.99997541],[0.00000000,0.00000000,0.00000000,1.00000000]]","center_3d":"[0.48246190,2.93397999,1.19979954]","nearest_3d":"[0.25948051,2.93234682,0.95148420]","type":"wall-front"},"3":{"unique_id":"8cc05e5f-8ac1-4995-9f56-326c2a861cf9","ros_timestamp":"1696255444.3630028","T_map_cam":"[[0.88699494,0.00000036,-0.46177915,0.22958173],[0.46177915,-0.00000011,0.88699494,-0.44098521],[0.00000027,-1.00000000,-0.00000027,0.99997541],[0.00000000,0.00000000,0.00000000,1.00000000]]","center_3d":"[-0.00624648,0.71990079,0.67327696]","nearest_3d":"[0.18717089,0.69281977,0.64122039]","type":"obstacle"},"4":{"unique_id":"adb6b55a-84ca-4422-a5df-956bc6260640","ros_timestamp":"1696255444.3630028","T_map_cam":"[[0.88699494,0.00000036,-0.46177915,0.22958173],[0.46177915,-0.00000011,0.88699494,-0.44098521],[0.00000027,-1.00000000,-0.00000027,0.99997541],[0.00000000,0.00000000,0.00000000,1.00000000]]","center_3d":"[0.18585250,0.98294771,0.56307745]","nearest_3d":"[0.18585250,0.98294771,0.56307745]","type":"obstacle"}}