{"0":{"unique_id":"c6dcb9c0-5c8a-44a8-90ed-7051471b8ef9","ros_timestamp":"1696255444.462851","T_map_cam":"[[0.88699494,0.00000036,-0.46177915,0.22958173],[0.46177915,-0.00000011,0.88699494,-0.44098521],[0.00000027,-1.00000000,-0.00000027,0.99997541],[0.00000000,0.00000000,0.00000000,1.00000000]]","center_3d":"[-1.34624851,1.54756927,1.10973620]","nearest_3d":"[-1.33395445,0.58445126,0.95067191]","type":"wall-left"},"1":{"unique_id":"2e67c84d-3388-42f5-9b2a-2a9326b163d0","ros_timestamp":"1696255444.462851","T_map_cam":"[[0.88699494,0.00000036,-0.46177915,0.22958173],[0.46177915,-0.00000011,0.88699494,-0.44098521],[0.00000027,-1.00000000,-0.00000027,0.99997541],[0.00000000,0.00000000,0.00000000,1.00000000]]","center_3d":"[1.29451060,2.36859775,1.16701949]","nearest_3d":"[1.29069805,1.94380617,0.95079589]","type":"wall-right"},"2":{"unique_id":"9a9e1a1b-8cf9-41b3-b059-f569bea90fe4","ros_timestamp":"1696255444.462851","T_map_cam":"[[0.88699494,0.00000036,-0.46177915,0.22958173],[0.46177915,-0.00000011,0.88699494,-0.44098521],[0.00000027,-1.00000000,-0.00000027,0.99997541],[0.00000000,0.00000000,0.00000000,1.00000000]]","center_3d":"[0.47982490,2.93356752,1.19979417]","nearest_3d":"[0.25034529,2.93116283,0.95149708]","type":"wall-front"},"3":{"unique_id":"8cc05e5f-8ac1-4995-9f56-326c2a861cf9","ros_timestamp":"1696255444.462851","T_map_cam":"[[0.88699494,0.00000036,-0.46177915,0.22958173],[0.46177915,-0.00000011,0.88699494,-0.44098521],[0.00000027,-1.00000000,-0.00000027,0.99997541],[0.00000000,0.00000000,0.00000000,1.00000000]]","center_3d":"[0.00490154,0.73753530,0.66612554]","nearest_3d":"[0.18666002,0.69398057,0.64097130]","type":"obstacle"}}