{"0":{"unique_id":"c6dcb9c0-5c8a-44a8-90ed-7051471b8ef9","ros_timestamp":"1696255522.3799162","T_map_cam":"[[-0.56661260,-0.00000037,0.82398432,-0.40965843],[-0.82398432,-0.00000007,-0.56661260,0.28170144],[0.00000027,-1.00000000,-0.00000027,0.99997541],[0.00000000,0.00000000,0.00000000,1.00000000]]","center_3d":"[-1.31898093,-0.53662813,1.07270026]","nearest_3d":"[-1.32985759,0.31342360,0.95067137]","type":"wall-left"},"1":{"unique_id":"2e67c84d-3388-42f5-9b2a-2a9326b163d0","ros_timestamp":"1696255522.3799162","T_map_cam":"[[-0.56661260,-0.00000037,0.82398432,-0.40965843],[-0.82398432,-0.00000007,-0.56661260,0.28170144],[0.00000027,-1.00000000,-0.00000027,0.99997541],[0.00000000,0.00000000,0.00000000,1.00000000]]","center_3d":"[1.32568145,0.09326950,1.12869692]","nearest_3d":"[1.32426786,0.05789679,0.95069247]","type":"wall-right"},"2":{"unique_id":"9a9e1a1b-8cf9-41b3-b059-f569bea90fe4","ros_timestamp":"1696255522.3799162","T_map_cam":"[[-0.56661260,-0.00000037,0.82398432,-0.40965843],[-0.82398432,-0.00000007,-0.56661260,0.28170144],[0.00000027,-1.00000000,-0.00000027,0.99997541],[0.00000000,0.00000000,0.00000000,1.00000000]]","center_3d":"[-0.03962892,2.92744255,1.26285625]","nearest_3d":"[-0.46935704,2.92340660,0.95193309]","type":"wall-front"},"3":{"unique_id":"dc9b4d88-0141-4c3e-96cf-54856fb71809","ros_timestamp":"1696255522.3799162","T_map_cam":"[[-0.56661260,-0.00000037,0.82398432,-0.40965843],[-0.82398432,-0.00000007,-0.56661260,0.28170144],[0.00000027,-1.00000000,-0.00000027,0.99997541],[0.00000000,0.00000000,0.00000000,1.00000000]]","center_3d":"[0.01943017,-2.92774367,1.21708429]","nearest_3d":"[-0.30974406,-2.93126130,0.95218503]","type":"wall-back"},"4":{"unique_id":"8cc05e5f-8ac1-4995-9f56-326c2a861cf9","ros_timestamp":"1696255522.3799162","T_map_cam":"[[-0.56661260,-0.00000037,0.82398432,-0.40965843],[-0.82398432,-0.00000007,-0.56661260,0.28170144],[0.00000027,-1.00000000,-0.00000027,0.99997541],[0.00000000,0.00000000,0.00000000,1.00000000]]","center_3d":"[0.43900320,-1.64623594,0.49729204]","nearest_3d":"[0.40277600,-1.44414294,0.78985453]","type":"obstacle"},"5":{"unique_id":"adb6b55a-84ca-4422-a5df-956bc6260640","ros_timestamp":"1696255522.3799162","T_map_cam":"[[-0.56661260,-0.00000037,0.82398432,-0.40965843],[-0.82398432,-0.00000007,-0.56661260,0.28170144],[0.00000027,-1.00000000,-0.00000027,0.99997541],[0.00000000,0.00000000,0.00000000,1.00000000]]","center_3d":"[-0.01113316,0.73787463,0.67669815]","nearest_3d":"[-0.20692565,0.68910569,0.66627508]","type":"obstacle"}}