{"0":{"unique_id":"c6dcb9c0-5c8a-44a8-90ed-7051471b8ef9","ros_timestamp":"1696255522.9811354","T_map_cam":"[[-0.54164182,-0.00000037,0.84060939,-0.41792387],[-0.84060939,-0.00000008,-0.54164182,0.26928677],[0.00000027,-1.00000000,-0.00000027,0.99997541],[0.00000000,0.00000000,0.00000000,1.00000000]]","center_3d":"[-1.31899858,-0.53790569,1.07340682]","nearest_3d":"[-1.32985759,0.31342360,0.95067137]","type":"wall-left"},"1":{"unique_id":"2e67c84d-3388-42f5-9b2a-2a9326b163d0","ros_timestamp":"1696255522.9811354","T_map_cam":"[[-0.54164182,-0.00000037,0.84060939,-0.41792387],[-0.84060939,-0.00000008,-0.54164182,0.26928677],[0.00000027,-1.00000000,-0.00000027,0.99997541],[0.00000000,0.00000000,0.00000000,1.00000000]]","center_3d":"[1.32292378,0.09114034,1.12677824]","nearest_3d":"[1.32375562,0.11440583,0.95070493]","type":"wall-right"},"2":{"unique_id":"9a9e1a1b-8cf9-41b3-b059-f569bea90fe4","ros_timestamp":"1696255522.9811354","T_map_cam":"[[-0.54164182,-0.00000037,0.84060939,-0.41792387],[-0.84060939,-0.00000008,-0.54164182,0.26928677],[0.00000027,-1.00000000,-0.00000027,0.99997541],[0.00000000,0.00000000,0.00000000,1.00000000]]","center_3d":"[-0.03962892,2.92744255,1.26285625]","nearest_3d":"[-0.46935704,2.92340660,0.95193309]","type":"wall-front"},"3":{"unique_id":"dc9b4d88-0141-4c3e-96cf-54856fb71809","ros_timestamp":"1696255522.9811354","T_map_cam":"[[-0.54164182,-0.00000037,0.84060939,-0.41792387],[-0.84060939,-0.00000008,-0.54164182,0.26928677],[0.00000027,-1.00000000,-0.00000027,0.99997541],[0.00000000,0.00000000,0.00000000,1.00000000]]","center_3d":"[0.01943017,-2.92774367,1.21708429]","nearest_3d":"[-0.30974406,-2.93126130,0.95218503]","type":"wall-back"},"4":{"unique_id":"8cc05e5f-8ac1-4995-9f56-326c2a861cf9","ros_timestamp":"1696255522.9811354","T_map_cam":"[[-0.54164182,-0.00000037,0.84060939,-0.41792387],[-0.84060939,-0.00000008,-0.54164182,0.26928677],[0.00000027,-1.00000000,-0.00000027,0.99997541],[0.00000000,0.00000000,0.00000000,1.00000000]]","center_3d":"[0.43661049,-1.64704931,0.49601340]","nearest_3d":"[0.39522886,-1.44545281,0.78818989]","type":"obstacle"},"5":{"unique_id":"adb6b55a-84ca-4422-a5df-956bc6260640","ros_timestamp":"1696255522.9811354","T_map_cam":"[[-0.54164182,-0.00000037,0.84060939,-0.41792387],[-0.84060939,-0.00000008,-0.54164182,0.26928677],[0.00000027,-1.00000000,-0.00000027,0.99997541],[0.00000000,0.00000000,0.00000000,1.00000000]]","center_3d":"[-0.01113316,0.73787463,0.67669815]","nearest_3d":"[-0.20692565,0.68910581,0.66627508]","type":"obstacle"}}