{"0":{"unique_id":"c6dcb9c0-5c8a-44a8-90ed-7051471b8ef9","ros_timestamp":"1696255444.673915","T_map_cam":"[[0.88233287,0.00000036,-0.47062586,0.23398003],[0.47062586,-0.00000011,0.88233287,-0.43866738],[0.00000027,-1.00000000,-0.00000027,0.99997541],[0.00000000,0.00000000,0.00000000,1.00000000]]","center_3d":"[-1.34575820,1.54356527,1.10719323]","nearest_3d":"[-1.33188379,0.55834907,0.95075035]","type":"wall-left"},"1":{"unique_id":"2e67c84d-3388-42f5-9b2a-2a9326b163d0","ros_timestamp":"1696255444.673915","T_map_cam":"[[0.88233287,0.00000036,-0.47062586,0.23398003],[0.47062586,-0.00000011,0.88233287,-0.43866738],[0.00000027,-1.00000000,-0.00000027,0.99997541],[0.00000000,0.00000000,0.00000000,1.00000000]]","center_3d":"[1.29451060,2.36859775,1.16701949]","nearest_3d":"[1.29069805,1.94380617,0.95079589]","type":"wall-right"},"2":{"unique_id":"9a9e1a1b-8cf9-41b3-b059-f569bea90fe4","ros_timestamp":"1696255444.673915","T_map_cam":"[[0.88233287,0.00000036,-0.47062586,0.23398003],[0.47062586,-0.00000011,0.88233287,-0.43866738],[0.00000027,-1.00000000,-0.00000027,0.99997541],[0.00000000,0.00000000,0.00000000,1.00000000]]","center_3d":"[0.47416690,2.93336630,1.19975662]","nearest_3d":"[0.23323208,2.93101025,0.95164275]","type":"wall-front"},"3":{"unique_id":"8cc05e5f-8ac1-4995-9f56-326c2a861cf9","ros_timestamp":"1696255444.673915","T_map_cam":"[[0.88233287,0.00000036,-0.47062586,0.23398003],[0.47062586,-0.00000011,0.88233287,-0.43866738],[0.00000027,-1.00000000,-0.00000027,0.99997541],[0.00000000,0.00000000,0.00000000,1.00000000]]","center_3d":"[0.00306219,0.73797321,0.66660386]","nearest_3d":"[0.18031090,0.69876385,0.65612596]","type":"obstacle"}}