{"0":{"unique_id":"c6dcb9c0-5c8a-44a8-90ed-7051471b8ef9","ros_timestamp":"1696255444.762927","T_map_cam":"[[0.87758258,0.00000036,-0.47942551,0.23835493],[0.47942551,-0.00000011,0.87758258,-0.43630569],[0.00000027,-1.00000000,-0.00000027,0.99997541],[0.00000000,0.00000000,0.00000000,1.00000000]]","center_3d":"[-1.34412217,1.54308379,1.10718822]","nearest_3d":"[-1.33100951,0.55295593,0.95077139]","type":"wall-left"},"1":{"unique_id":"2e67c84d-3388-42f5-9b2a-2a9326b163d0","ros_timestamp":"1696255444.762927","T_map_cam":"[[0.87758258,0.00000036,-0.47942551,0.23835493],[0.47942551,-0.00000011,0.87758258,-0.43630569],[0.00000027,-1.00000000,-0.00000027,0.99997541],[0.00000000,0.00000000,0.00000000,1.00000000]]","center_3d":"[1.29451060,2.36859775,1.16701949]","nearest_3d":"[1.29069805,1.94380617,0.95079589]","type":"wall-right"},"2":{"unique_id":"9a9e1a1b-8cf9-41b3-b059-f569bea90fe4","ros_timestamp":"1696255444.762927","T_map_cam":"[[0.87758258,0.00000036,-0.47942551,0.23835493],[0.47942551,-0.00000011,0.87758258,-0.43630569],[0.00000027,-1.00000000,-0.00000027,0.99997541],[0.00000000,0.00000000,0.00000000,1.00000000]]","center_3d":"[0.47145891,2.93323040,1.19975138]","nearest_3d":"[0.22375903,2.93038893,0.95160341]","type":"wall-front"},"3":{"unique_id":"8cc05e5f-8ac1-4995-9f56-326c2a861cf9","ros_timestamp":"1696255444.762927","T_map_cam":"[[0.87758258,0.00000036,-0.47942551,0.23835493],[0.47942551,-0.00000011,0.87758258,-0.43630569],[0.00000027,-1.00000000,-0.00000027,0.99997541],[0.00000000,0.00000000,0.00000000,1.00000000]]","center_3d":"[0.00254711,0.73802000,0.66634065]","nearest_3d":"[0.18039258,0.69968098,0.65899295]","type":"obstacle"}}