{"0":{"unique_id":"c6dcb9c0-5c8a-44a8-90ed-7051471b8ef9","ros_timestamp":"1696255444.8629677","T_map_cam":"[[0.87758258,0.00000036,-0.47942551,0.23835493],[0.47942551,-0.00000011,0.87758258,-0.43630569],[0.00000027,-1.00000000,-0.00000027,0.99997541],[0.00000000,0.00000000,0.00000000,1.00000000]]","center_3d":"[-1.34853041,1.54380381,1.10723948]","nearest_3d":"[-1.33424485,0.54167020,0.95078063]","type":"wall-left"},"1":{"unique_id":"2e67c84d-3388-42f5-9b2a-2a9326b163d0","ros_timestamp":"1696255444.8629677","T_map_cam":"[[0.87758258,0.00000036,-0.47942551,0.23835493],[0.47942551,-0.00000011,0.87758258,-0.43630569],[0.00000027,-1.00000000,-0.00000027,0.99997541],[0.00000000,0.00000000,0.00000000,1.00000000]]","center_3d":"[1.29451060,2.36859775,1.16701949]","nearest_3d":"[1.29069805,1.94380617,0.95079589]","type":"wall-right"},"2":{"unique_id":"9a9e1a1b-8cf9-41b3-b059-f569bea90fe4","ros_timestamp":"1696255444.8629677","T_map_cam":"[[0.87758258,0.00000036,-0.47942551,0.23835493],[0.47942551,-0.00000011,0.87758258,-0.43630569],[0.00000027,-1.00000000,-0.00000027,0.99997541],[0.00000000,0.00000000,0.00000000,1.00000000]]","center_3d":"[0.43302178,2.93320274,1.19976294]","nearest_3d":"[0.30492175,2.93070531,0.95220411]","type":"wall-front"},"3":{"unique_id":"8cc05e5f-8ac1-4995-9f56-326c2a861cf9","ros_timestamp":"1696255444.8629677","T_map_cam":"[[0.87758258,0.00000036,-0.47942551,0.23835493],[0.47942551,-0.00000011,0.87758258,-0.43630569],[0.00000027,-1.00000000,-0.00000027,0.99997541],[0.00000000,0.00000000,0.00000000,1.00000000]]","center_3d":"[0.00256941,0.73800910,0.66635334]","nearest_3d":"[0.18079191,0.69968891,0.65898013]","type":"obstacle"}}