{"0":{"unique_id":"c6dcb9c0-5c8a-44a8-90ed-7051471b8ef9","ros_timestamp":"1696255436.7845721","T_map_cam":"[[0.99755100,0.00000029,-0.06994282,0.03477337],[0.06994282,-0.00000025,0.99755100,-0.49595014],[0.00000027,-1.00000000,-0.00000027,0.99997541],[0.00000000,0.00000000,0.00000000,1.00000000]]","center_3d":"[-1.35234082,2.02148724,1.13186920]","nearest_3d":"[-1.34897995,1.58517385,0.95097166]","type":"wall-left"},"1":{"unique_id":"2e67c84d-3388-42f5-9b2a-2a9326b163d0","ros_timestamp":"1696255436.7845721","T_map_cam":"[[0.99755100,0.00000029,-0.06994282,0.03477337],[0.06994282,-0.00000025,0.99755100,-0.49595014],[0.00000027,-1.00000000,-0.00000027,0.99997541],[0.00000000,0.00000000,0.00000000,1.00000000]]","center_3d":"[1.29556096,2.25583887,1.10298061]","nearest_3d":"[1.29069805,1.94380617,0.95079589]","type":"wall-right"},"2":{"unique_id":"8cc05e5f-8ac1-4995-9f56-326c2a861cf9","ros_timestamp":"1696255436.7845721","T_map_cam":"[[0.99755100,0.00000029,-0.06994282,0.03477337],[0.06994282,-0.00000025,0.99755100,-0.49595014],[0.00000027,-1.00000000,-0.00000027,0.99997541],[0.00000000,0.00000000,0.00000000,1.00000000]]","center_3d":"[-0.00152798,0.71964329,0.66486442]","nearest_3d":"[0.17509273,0.70912981,0.68571091]","type":"obstacle"}}