{"0":{"unique_id":"c6dcb9c0-5c8a-44a8-90ed-7051471b8ef9","ros_timestamp":"1696255445.0739257","T_map_cam":"[[0.87274452,0.00000037,-0.48817722,0.24270600],[0.48817722,-0.00000010,0.87274452,-0.43390036],[0.00000027,-1.00000000,-0.00000027,0.99997541],[0.00000000,0.00000000,0.00000000,1.00000000]]","center_3d":"[-1.34949756,1.54380238,1.10975218]","nearest_3d":"[-1.33503282,0.54190713,0.95078111]","type":"wall-left"},"1":{"unique_id":"2e67c84d-3388-42f5-9b2a-2a9326b163d0","ros_timestamp":"1696255445.0739257","T_map_cam":"[[0.87274452,0.00000037,-0.48817722,0.24270600],[0.48817722,-0.00000010,0.87274452,-0.43390036],[0.00000027,-1.00000000,-0.00000027,0.99997541],[0.00000000,0.00000000,0.00000000,1.00000000]]","center_3d":"[1.29451060,2.36859775,1.16701949]","nearest_3d":"[1.29069805,1.94380617,0.95079589]","type":"wall-right"},"2":{"unique_id":"9a9e1a1b-8cf9-41b3-b059-f569bea90fe4","ros_timestamp":"1696255445.0739257","T_map_cam":"[[0.87274452,0.00000037,-0.48817722,0.24270600],[0.48817722,-0.00000010,0.87274452,-0.43390036],[0.00000027,-1.00000000,-0.00000027,0.99997541],[0.00000000,0.00000000,0.00000000,1.00000000]]","center_3d":"[0.43131495,2.93310308,1.19975126]","nearest_3d":"[0.30492175,2.93070531,0.95220411]","type":"wall-front"},"3":{"unique_id":"8cc05e5f-8ac1-4995-9f56-326c2a861cf9","ros_timestamp":"1696255445.0739257","T_map_cam":"[[0.87274452,0.00000037,-0.48817722,0.24270600],[0.48817722,-0.00000010,0.87274452,-0.43390036],[0.00000027,-1.00000000,-0.00000027,0.99997541],[0.00000000,0.00000000,0.00000000,1.00000000]]","center_3d":"[0.00607975,0.73797351,0.66699898]","nearest_3d":"[0.18155481,0.70045775,0.65784985]","type":"obstacle"}}