{"0":{"unique_id":"c6dcb9c0-5c8a-44a8-90ed-7051471b8ef9","ros_timestamp":"1696255445.1909182","T_map_cam":"[[0.86781919,0.00000037,-0.49688011,0.24703280],[0.49688011,-0.00000010,0.86781919,-0.43145165],[0.00000027,-1.00000000,-0.00000027,0.99997541],[0.00000000,0.00000000,0.00000000,1.00000000]]","center_3d":"[-1.34549749,1.54655182,1.10977936]","nearest_3d":"[-1.33160090,0.54037219,0.95083171]","type":"wall-left"},"1":{"unique_id":"2e67c84d-3388-42f5-9b2a-2a9326b163d0","ros_timestamp":"1696255445.1909182","T_map_cam":"[[0.86781919,0.00000037,-0.49688011,0.24703280],[0.49688011,-0.00000010,0.86781919,-0.43145165],[0.00000027,-1.00000000,-0.00000027,0.99997541],[0.00000000,0.00000000,0.00000000,1.00000000]]","center_3d":"[1.29451060,2.36859775,1.16701949]","nearest_3d":"[1.29069805,1.94380617,0.95079589]","type":"wall-right"},"2":{"unique_id":"9a9e1a1b-8cf9-41b3-b059-f569bea90fe4","ros_timestamp":"1696255445.1909182","T_map_cam":"[[0.86781919,0.00000037,-0.49688011,0.24703280],[0.49688011,-0.00000010,0.86781919,-0.43145165],[0.00000027,-1.00000000,-0.00000027,0.99997541],[0.00000000,0.00000000,0.00000000,1.00000000]]","center_3d":"[0.42946693,2.93285203,1.19974625]","nearest_3d":"[0.24663684,2.93103552,0.95205563]","type":"wall-front"},"3":{"unique_id":"8cc05e5f-8ac1-4995-9f56-326c2a861cf9","ros_timestamp":"1696255445.1909182","T_map_cam":"[[0.86781919,0.00000037,-0.49688011,0.24703280],[0.49688011,-0.00000010,0.86781919,-0.43145165],[0.00000027,-1.00000000,-0.00000027,0.99997541],[0.00000000,0.00000000,0.00000000,1.00000000]]","center_3d":"[0.00687253,0.73781103,0.66650361]","nearest_3d":"[0.18450540,0.69951057,0.65821105]","type":"obstacle"}}