{"0":{"unique_id":"c6dcb9c0-5c8a-44a8-90ed-7051471b8ef9","ros_timestamp":"1696255445.2830036","T_map_cam":"[[0.86781919,0.00000037,-0.49688011,0.24703280],[0.49688011,-0.00000010,0.86781919,-0.43145165],[0.00000027,-1.00000000,-0.00000027,0.99997541],[0.00000000,0.00000000,0.00000000,1.00000000]]","center_3d":"[-1.34381366,1.54765534,1.10979080]","nearest_3d":"[-1.33074284,0.53998846,0.95084435]","type":"wall-left"},"1":{"unique_id":"2e67c84d-3388-42f5-9b2a-2a9326b163d0","ros_timestamp":"1696255445.2830036","T_map_cam":"[[0.86781919,0.00000037,-0.49688011,0.24703280],[0.49688011,-0.00000010,0.86781919,-0.43145165],[0.00000027,-1.00000000,-0.00000027,0.99997541],[0.00000000,0.00000000,0.00000000,1.00000000]]","center_3d":"[1.29451060,2.36859775,1.16701949]","nearest_3d":"[1.29069805,1.94380617,0.95079589]","type":"wall-right"},"2":{"unique_id":"9a9e1a1b-8cf9-41b3-b059-f569bea90fe4","ros_timestamp":"1696255445.2830036","T_map_cam":"[[0.86781919,0.00000037,-0.49688011,0.24703280],[0.49688011,-0.00000010,0.86781919,-0.43145165],[0.00000027,-1.00000000,-0.00000027,0.99997541],[0.00000000,0.00000000,0.00000000,1.00000000]]","center_3d":"[0.42854303,2.93272686,1.19974399]","nearest_3d":"[0.24465124,2.93057251,0.95204735]","type":"wall-front"},"3":{"unique_id":"8cc05e5f-8ac1-4995-9f56-326c2a861cf9","ros_timestamp":"1696255445.2830036","T_map_cam":"[[0.86781919,0.00000037,-0.49688011,0.24703280],[0.49688011,-0.00000010,0.86781919,-0.43145165],[0.00000027,-1.00000000,-0.00000027,0.99997541],[0.00000000,0.00000000,0.00000000,1.00000000]]","center_3d":"[0.00746078,0.73773688,0.66631866]","nearest_3d":"[0.18546768,0.69912338,0.65851420]","type":"obstacle"}}