{"0":{"unique_id":"c6dcb9c0-5c8a-44a8-90ed-7051471b8ef9","ros_timestamp":"1696255445.3760266","T_map_cam":"[[0.86280709,0.00000037,-0.50553332,0.25133489],[0.50553332,-0.00000010,0.86280709,-0.42895979],[0.00000027,-1.00000000,-0.00000027,0.99997541],[0.00000000,0.00000000,0.00000000,1.00000000]]","center_3d":"[-1.34496760,1.51414621,1.10607743]","nearest_3d":"[-1.33263397,0.49823335,0.95105004]","type":"wall-left"},"1":{"unique_id":"2e67c84d-3388-42f5-9b2a-2a9326b163d0","ros_timestamp":"1696255445.3760266","T_map_cam":"[[0.86280709,0.00000037,-0.50553332,0.25133489],[0.50553332,-0.00000010,0.86280709,-0.42895979],[0.00000027,-1.00000000,-0.00000027,0.99997541],[0.00000000,0.00000000,0.00000000,1.00000000]]","center_3d":"[1.29451060,2.36859775,1.16701949]","nearest_3d":"[1.29069805,1.94380617,0.95079589]","type":"wall-right"},"2":{"unique_id":"9a9e1a1b-8cf9-41b3-b059-f569bea90fe4","ros_timestamp":"1696255445.3760266","T_map_cam":"[[0.86280709,0.00000037,-0.50553332,0.25133489],[0.50553332,-0.00000010,0.86280709,-0.42895979],[0.00000027,-1.00000000,-0.00000027,0.99997541],[0.00000000,0.00000000,0.00000000,1.00000000]]","center_3d":"[0.42157647,2.93272448,1.19974041]","nearest_3d":"[0.22123571,2.93065548,0.95199466]","type":"wall-front"},"3":{"unique_id":"8cc05e5f-8ac1-4995-9f56-326c2a861cf9","ros_timestamp":"1696255445.3760266","T_map_cam":"[[0.86280709,0.00000037,-0.50553332,0.25133489],[0.50553332,-0.00000010,0.86280709,-0.42895979],[0.00000027,-1.00000000,-0.00000027,0.99997541],[0.00000000,0.00000000,0.00000000,1.00000000]]","center_3d":"[0.00954246,0.73714721,0.66658658]","nearest_3d":"[0.18970020,0.69115412,0.64424211]","type":"obstacle"}}