{"0":{"unique_id":"c6dcb9c0-5c8a-44a8-90ed-7051471b8ef9","ros_timestamp":"1696255533.87486","T_map_cam":"[[-0.07232580,-0.00000029,0.99738106,-0.49586566],[-0.99738106,-0.00000025,-0.07232580,0.03595800],[0.00000027,-1.00000000,-0.00000027,0.99997541],[0.00000000,0.00000000,0.00000000,1.00000000]]","center_3d":"[-1.31904638,-0.53688926,1.07412052]","nearest_3d":"[-1.32690501,0.00603279,0.95073974]","type":"wall-left"},"1":{"unique_id":"2e67c84d-3388-42f5-9b2a-2a9326b163d0","ros_timestamp":"1696255533.87486","T_map_cam":"[[-0.07232580,-0.00000029,0.99738106,-0.49586566],[-0.99738106,-0.00000025,-0.07232580,0.03595800],[0.00000027,-1.00000000,-0.00000027,0.99997541],[0.00000000,0.00000000,0.00000000,1.00000000]]","center_3d":"[1.32449675,0.09921484,1.07115746]","nearest_3d":"[1.32475781,0.02899625,0.95089954]","type":"wall-right"},"2":{"unique_id":"9a9e1a1b-8cf9-41b3-b059-f569bea90fe4","ros_timestamp":"1696255533.87486","T_map_cam":"[[-0.07232580,-0.00000029,0.99738106,-0.49586566],[-0.99738106,-0.00000025,-0.07232580,0.03595800],[0.00000027,-1.00000000,-0.00000027,0.99997541],[0.00000000,0.00000000,0.00000000,1.00000000]]","center_3d":"[-0.03962892,2.92744255,1.26285625]","nearest_3d":"[-0.46935704,2.92340660,0.95193309]","type":"wall-front"},"3":{"unique_id":"dc9b4d88-0141-4c3e-96cf-54856fb71809","ros_timestamp":"1696255533.87486","T_map_cam":"[[-0.07232580,-0.00000029,0.99738106,-0.49586566],[-0.99738106,-0.00000025,-0.07232580,0.03595800],[0.00000027,-1.00000000,-0.00000027,0.99997541],[0.00000000,0.00000000,0.00000000,1.00000000]]","center_3d":"[0.01943017,-2.92774367,1.21708429]","nearest_3d":"[-0.42615384,-2.93298483,0.95190811]","type":"wall-back"},"4":{"unique_id":"8cc05e5f-8ac1-4995-9f56-326c2a861cf9","ros_timestamp":"1696255533.87486","T_map_cam":"[[-0.07232580,-0.00000029,0.99738106,-0.49586566],[-0.99738106,-0.00000025,-0.07232580,0.03595800],[0.00000027,-1.00000000,-0.00000027,0.99997541],[0.00000000,0.00000000,0.00000000,1.00000000]]","center_3d":"[0.44129705,-1.64597654,0.49626258]","nearest_3d":"[0.39521849,-1.44545460,0.78818768]","type":"obstacle"},"5":{"unique_id":"adb6b55a-84ca-4422-a5df-956bc6260640","ros_timestamp":"1696255533.87486","T_map_cam":"[[-0.07232580,-0.00000029,0.99738106,-0.49586566],[-0.99738106,-0.00000025,-0.07232580,0.03595800],[0.00000027,-1.00000000,-0.00000027,0.99997541],[0.00000000,0.00000000,0.00000000,1.00000000]]","center_3d":"[-0.01113316,0.73787463,0.67669815]","nearest_3d":"[-0.20692565,0.68910569,0.66627502]","type":"obstacle"}}