{"0":{"unique_id":"c6dcb9c0-5c8a-44a8-90ed-7051471b8ef9","ros_timestamp":"1696255445.695527","T_map_cam":"[[0.85770870,0.00000037,-0.51413597,0.25561185],[0.51413597,-0.00000009,0.85770870,-0.42642503],[0.00000027,-1.00000000,-0.00000027,0.99997541],[0.00000000,0.00000000,0.00000000,1.00000000]]","center_3d":"[-1.34589779,1.51199508,1.10609376]","nearest_3d":"[-1.33156145,0.48849145,0.95088631]","type":"wall-left"},"1":{"unique_id":"2e67c84d-3388-42f5-9b2a-2a9326b163d0","ros_timestamp":"1696255445.695527","T_map_cam":"[[0.85770870,0.00000037,-0.51413597,0.25561185],[0.51413597,-0.00000009,0.85770870,-0.42642503],[0.00000027,-1.00000000,-0.00000027,0.99997541],[0.00000000,0.00000000,0.00000000,1.00000000]]","center_3d":"[1.29451060,2.36859775,1.16701949]","nearest_3d":"[1.29069805,1.94380617,0.95079589]","type":"wall-right"},"2":{"unique_id":"9a9e1a1b-8cf9-41b3-b059-f569bea90fe4","ros_timestamp":"1696255445.695527","T_map_cam":"[[0.85770870,0.00000037,-0.51413597,0.25561185],[0.51413597,-0.00000009,0.85770870,-0.42642503],[0.00000027,-1.00000000,-0.00000027,0.99997541],[0.00000000,0.00000000,0.00000000,1.00000000]]","center_3d":"[0.38647768,2.93241405,1.19971991]","nearest_3d":"[0.22123571,2.93065548,0.95199466]","type":"wall-front"},"3":{"unique_id":"8cc05e5f-8ac1-4995-9f56-326c2a861cf9","ros_timestamp":"1696255445.695527","T_map_cam":"[[0.85770870,0.00000037,-0.51413597,0.25561185],[0.51413597,-0.00000009,0.85770870,-0.42642503],[0.00000027,-1.00000000,-0.00000027,0.99997541],[0.00000000,0.00000000,0.00000000,1.00000000]]","center_3d":"[0.00748581,0.73851073,0.66441852]","nearest_3d":"[0.18485880,0.69325256,0.64259720]","type":"obstacle"}}