{"0":{"unique_id":"c6dcb9c0-5c8a-44a8-90ed-7051471b8ef9","ros_timestamp":"1696255445.8837938","T_map_cam":"[[0.85252454,0.00000037,-0.52268720,0.25986325],[0.52268720,-0.00000009,0.85252454,-0.42384764],[0.00000027,-1.00000000,-0.00000027,0.99997541],[0.00000000,0.00000000,0.00000000,1.00000000]]","center_3d":"[-1.34519768,1.50923622,1.10609305]","nearest_3d":"[-1.33105755,0.47248140,0.95068294]","type":"wall-left"},"1":{"unique_id":"2e67c84d-3388-42f5-9b2a-2a9326b163d0","ros_timestamp":"1696255445.8837938","T_map_cam":"[[0.85252454,0.00000037,-0.52268720,0.25986325],[0.52268720,-0.00000009,0.85252454,-0.42384764],[0.00000027,-1.00000000,-0.00000027,0.99997541],[0.00000000,0.00000000,0.00000000,1.00000000]]","center_3d":"[1.29451060,2.36859775,1.16701949]","nearest_3d":"[1.29069805,1.94380617,0.95079589]","type":"wall-right"},"2":{"unique_id":"9a9e1a1b-8cf9-41b3-b059-f569bea90fe4","ros_timestamp":"1696255445.8837938","T_map_cam":"[[0.85252454,0.00000037,-0.52268720,0.25986325],[0.52268720,-0.00000009,0.85252454,-0.42384764],[0.00000027,-1.00000000,-0.00000027,0.99997541],[0.00000000,0.00000000,0.00000000,1.00000000]]","center_3d":"[0.38177297,2.93232656,1.19972026]","nearest_3d":"[0.22123571,2.93065548,0.95199466]","type":"wall-front"},"3":{"unique_id":"8cc05e5f-8ac1-4995-9f56-326c2a861cf9","ros_timestamp":"1696255445.8837938","T_map_cam":"[[0.85252454,0.00000037,-0.52268720,0.25986325],[0.52268720,-0.00000009,0.85252454,-0.42384764],[0.00000027,-1.00000000,-0.00000027,0.99997541],[0.00000000,0.00000000,0.00000000,1.00000000]]","center_3d":"[0.00846547,0.73791116,0.66315073]","nearest_3d":"[0.19250527,0.68948740,0.64151037]","type":"obstacle"}}