{"0":{"unique_id":"c6dcb9c0-5c8a-44a8-90ed-7051471b8ef9","ros_timestamp":"1696255436.8631237","T_map_cam":"[[0.99680171,0.00000029,-0.07991466,0.03973105],[0.07991466,-0.00000025,0.99680171,-0.49557761],[0.00000027,-1.00000000,-0.00000027,0.99997541],[0.00000000,0.00000000,0.00000000,1.00000000]]","center_3d":"[-1.34934914,2.01966166,1.13187766]","nearest_3d":"[-1.34492075,1.58217311,0.95104557]","type":"wall-left"},"1":{"unique_id":"2e67c84d-3388-42f5-9b2a-2a9326b163d0","ros_timestamp":"1696255436.8631237","T_map_cam":"[[0.99680171,0.00000029,-0.07991466,0.03973105],[0.07991466,-0.00000025,0.99680171,-0.49557761],[0.00000027,-1.00000000,-0.00000027,0.99997541],[0.00000000,0.00000000,0.00000000,1.00000000]]","center_3d":"[1.29569924,2.25755596,1.10300720]","nearest_3d":"[1.29069805,1.94380617,0.95079589]","type":"wall-right"},"2":{"unique_id":"8cc05e5f-8ac1-4995-9f56-326c2a861cf9","ros_timestamp":"1696255436.8631237","T_map_cam":"[[0.99680171,0.00000029,-0.07991466,0.03973105],[0.07991466,-0.00000025,0.99680171,-0.49557761],[0.00000027,-1.00000000,-0.00000027,0.99997541],[0.00000000,0.00000000,0.00000000,1.00000000]]","center_3d":"[-0.00234800,0.71940857,0.66469949]","nearest_3d":"[0.17565912,0.70877498,0.68545437]","type":"obstacle"}}