{"0":{"unique_id":"a7a49ecd-e09c-4439-b4c3-0de7364acc21","ros_timestamp":"1695917890.1006129","T_map_cam":"[[0.91308895,0.00000035,-0.40776043,0.20272537],[0.40776043,-0.00000014,0.91308895,-0.45395832],[0.00000027,-1.00000000,-0.00000027,0.99997541],[0.00000000,0.00000000,0.00000000,1.00000000]]","center_3d":"[-1.35004258,1.59609187,1.10998774]","nearest_3d":"[0.01631811,0.73705351,0.66120023]","type":"wall-left"},"1":{"unique_id":"e91ede5e-d3f4-42b9-b72d-e633c169fcaa","ros_timestamp":"1695917890.1006129","T_map_cam":"[[0.91308895,0.00000035,-0.40776043,0.20272537],[0.40776043,-0.00000014,0.91308895,-0.45395832],[0.00000027,-1.00000000,-0.00000027,0.99997541],[0.00000000,0.00000000,0.00000000,1.00000000]]","center_3d":"[1.29448712,2.37012458,1.16701710]","nearest_3d":"[0.64789861,2.93510675,1.15552032]","type":"wall-right"},"2":{"unique_id":"d830d2e3-1e42-4b16-ae66-1e75c781ebf1","ros_timestamp":"1695917890.1006129","T_map_cam":"[[0.91308895,0.00000035,-0.40776043,0.20272537],[0.40776043,-0.00000014,0.91308895,-0.45395832],[0.00000027,-1.00000000,-0.00000027,0.99997541],[0.00000000,0.00000000,0.00000000,1.00000000]]","center_3d":"[0.64789861,2.93510675,1.15552032]","nearest_3d":"[1.29448712,2.37012458,1.16701710]","type":"obstacle"},"3":{"unique_id":"318a280f-6f87-4ec7-9387-e07efba41fa8","ros_timestamp":"1695917890.1006129","T_map_cam":"[[0.91308895,0.00000035,-0.40776043,0.20272537],[0.40776043,-0.00000014,0.91308895,-0.45395832],[0.00000027,-1.00000000,-0.00000027,0.99997541],[0.00000000,0.00000000,0.00000000,1.00000000]]","center_3d":"[0.01631811,0.73705351,0.66120023]","nearest_3d":"[-1.35004258,1.59609187,1.10998774]","type":"obstacle"}}