{"0":{"unique_id":"a7a49ecd-e09c-4439-b4c3-0de7364acc21","ros_timestamp":"1695917890.1700408","T_map_cam":"[[0.90896576,0.00000036,-0.41687078,0.20725474],[0.41687078,-0.00000013,0.90896576,-0.45190840],[0.00000027,-1.00000000,-0.00000027,0.99997541],[0.00000000,0.00000000,0.00000000,1.00000000]]","center_3d":"[-1.34474099,1.59722197,1.10999060]","nearest_3d":"[0.01752026,0.73733079,0.66221774]","type":"wall-left"},"1":{"unique_id":"e91ede5e-d3f4-42b9-b72d-e633c169fcaa","ros_timestamp":"1695917890.1700408","T_map_cam":"[[0.90896576,0.00000036,-0.41687078,0.20725474],[0.41687078,-0.00000013,0.90896576,-0.45190840],[0.00000027,-1.00000000,-0.00000027,0.99997541],[0.00000000,0.00000000,0.00000000,1.00000000]]","center_3d":"[1.29448712,2.37012458,1.16701710]","nearest_3d":"[0.64602691,2.93455362,1.15604639]","type":"wall-right"},"2":{"unique_id":"d830d2e3-1e42-4b16-ae66-1e75c781ebf1","ros_timestamp":"1695917890.1700408","T_map_cam":"[[0.90896576,0.00000036,-0.41687078,0.20725474],[0.41687078,-0.00000013,0.90896576,-0.45190840],[0.00000027,-1.00000000,-0.00000027,0.99997541],[0.00000000,0.00000000,0.00000000,1.00000000]]","center_3d":"[0.64602691,2.93455362,1.15604639]","nearest_3d":"[1.29448712,2.37012458,1.16701710]","type":"obstacle"},"3":{"unique_id":"318a280f-6f87-4ec7-9387-e07efba41fa8","ros_timestamp":"1695917890.1700408","T_map_cam":"[[0.90896576,0.00000036,-0.41687078,0.20725474],[0.41687078,-0.00000013,0.90896576,-0.45190840],[0.00000027,-1.00000000,-0.00000027,0.99997541],[0.00000000,0.00000000,0.00000000,1.00000000]]","center_3d":"[0.01752026,0.73733079,0.66221774]","nearest_3d":"[-1.34474099,1.59722197,1.10999060]","type":"obstacle"}}