{"0":{"unique_id":"a7a49ecd-e09c-4439-b4c3-0de7364acc21","ros_timestamp":"1695917890.3800933","T_map_cam":"[[0.90475168,0.00000036,-0.42593944,0.21176339],[0.42593944,-0.00000013,0.90475168,-0.44981329],[0.00000027,-1.00000000,-0.00000027,0.99997541],[0.00000000,0.00000000,0.00000000,1.00000000]]","center_3d":"[-1.34628284,1.59918535,1.10999370]","nearest_3d":"[0.01548854,0.73742962,0.66219622]","type":"wall-left"},"1":{"unique_id":"e91ede5e-d3f4-42b9-b72d-e633c169fcaa","ros_timestamp":"1695917890.3800933","T_map_cam":"[[0.90475168,0.00000036,-0.42593944,0.21176339],[0.42593944,-0.00000013,0.90475168,-0.44981329],[0.00000027,-1.00000000,-0.00000027,0.99997541],[0.00000000,0.00000000,0.00000000,1.00000000]]","center_3d":"[1.29448712,2.37012458,1.16701710]","nearest_3d":"[0.60096902,2.93492126,1.14853311]","type":"wall-right"},"2":{"unique_id":"d830d2e3-1e42-4b16-ae66-1e75c781ebf1","ros_timestamp":"1695917890.3800933","T_map_cam":"[[0.90475168,0.00000036,-0.42593944,0.21176339],[0.42593944,-0.00000013,0.90475168,-0.44981329],[0.00000027,-1.00000000,-0.00000027,0.99997541],[0.00000000,0.00000000,0.00000000,1.00000000]]","center_3d":"[0.60096902,2.93492126,1.14853311]","nearest_3d":"[1.29448712,2.37012458,1.16701710]","type":"obstacle"},"3":{"unique_id":"318a280f-6f87-4ec7-9387-e07efba41fa8","ros_timestamp":"1695917890.3800933","T_map_cam":"[[0.90475168,0.00000036,-0.42593944,0.21176339],[0.42593944,-0.00000013,0.90475168,-0.44981329],[0.00000027,-1.00000000,-0.00000027,0.99997541],[0.00000000,0.00000000,0.00000000,1.00000000]]","center_3d":"[0.01548854,0.73742962,0.66219622]","nearest_3d":"[-1.34628284,1.59918535,1.10999370]","type":"obstacle"}}