{"0":{"unique_id":"a7a49ecd-e09c-4439-b4c3-0de7364acc21","ros_timestamp":"1695917890.5108452","T_map_cam":"[[0.90475168,0.00000036,-0.42593944,0.21176339],[0.42593944,-0.00000013,0.90475168,-0.44981329],[0.00000027,-1.00000000,-0.00000027,0.99997541],[0.00000000,0.00000000,0.00000000,1.00000000]]","center_3d":"[-1.34470594,1.59897065,1.10998476]","nearest_3d":"[0.01573055,0.73746413,0.66201633]","type":"wall-left"},"1":{"unique_id":"e91ede5e-d3f4-42b9-b72d-e633c169fcaa","ros_timestamp":"1695917890.5108452","T_map_cam":"[[0.90475168,0.00000036,-0.42593944,0.21176339],[0.42593944,-0.00000013,0.90475168,-0.44981329],[0.00000027,-1.00000000,-0.00000027,0.99997541],[0.00000000,0.00000000,0.00000000,1.00000000]]","center_3d":"[1.29448712,2.37012458,1.16701710]","nearest_3d":"[0.60009533,2.93465757,1.14853060]","type":"wall-right"},"2":{"unique_id":"d830d2e3-1e42-4b16-ae66-1e75c781ebf1","ros_timestamp":"1695917890.5108452","T_map_cam":"[[0.90475168,0.00000036,-0.42593944,0.21176339],[0.42593944,-0.00000013,0.90475168,-0.44981329],[0.00000027,-1.00000000,-0.00000027,0.99997541],[0.00000000,0.00000000,0.00000000,1.00000000]]","center_3d":"[0.60009533,2.93465757,1.14853060]","nearest_3d":"[1.29448712,2.37012458,1.16701710]","type":"obstacle"},"3":{"unique_id":"318a280f-6f87-4ec7-9387-e07efba41fa8","ros_timestamp":"1695917890.5108452","T_map_cam":"[[0.90475168,0.00000036,-0.42593944,0.21176339],[0.42593944,-0.00000013,0.90475168,-0.44981329],[0.00000027,-1.00000000,-0.00000027,0.99997541],[0.00000000,0.00000000,0.00000000,1.00000000]]","center_3d":"[0.01573055,0.73746413,0.66201633]","nearest_3d":"[-1.34470594,1.59897065,1.10998476]","type":"obstacle"}}