{"0":{"unique_id":"a7a49ecd-e09c-4439-b4c3-0de7364acc21","ros_timestamp":"1695917987.2782843","T_map_cam":"[[-0.17153644,-0.00000031,0.98517778,-0.48979859],[-0.98517778,-0.00000022,-0.17153644,0.08528232],[0.00000027,-1.00000000,-0.00000027,0.99997541],[0.00000000,0.00000000,0.00000000,1.00000000]]","center_3d":"[-1.31961870,-0.53579593,1.07483780]","nearest_3d":"[-0.01139078,0.73672003,0.67360735]","type":"wall-left"},"1":{"unique_id":"e91ede5e-d3f4-42b9-b72d-e633c169fcaa","ros_timestamp":"1695917987.2782843","T_map_cam":"[[-0.17153644,-0.00000031,0.98517778,-0.48979859],[-0.98517778,-0.00000022,-0.17153644,0.08528232],[0.00000027,-1.00000000,-0.00000027,0.99997541],[0.00000000,0.00000000,0.00000000,1.00000000]]","center_3d":"[1.32541287,0.11547762,1.10972559]","nearest_3d":"[-0.01139078,0.73672003,0.67360735]","type":"wall-right"},"2":{"unique_id":"a506ee67-e442-415f-963e-89d309080b44","ros_timestamp":"1695917987.2782843","T_map_cam":"[[-0.17153644,-0.00000031,0.98517778,-0.48979859],[-0.98517778,-0.00000022,-0.17153644,0.08528232],[0.00000027,-1.00000000,-0.00000027,0.99997541],[0.00000000,0.00000000,0.00000000,1.00000000]]","center_3d":"[-0.03940178,2.92728591,1.26283419]","nearest_3d":"[-0.01139078,0.73672003,0.67360735]","type":"wall-front"},"3":{"unique_id":"e4e770ed-53e8-486f-a1c3-655d2d6e1c87","ros_timestamp":"1695917987.2782843","T_map_cam":"[[-0.17153644,-0.00000031,0.98517778,-0.48979859],[-0.98517778,-0.00000022,-0.17153644,0.08528232],[0.00000027,-1.00000000,-0.00000027,0.99997541],[0.00000000,0.00000000,0.00000000,1.00000000]]","center_3d":"[0.01905947,-2.92780447,1.21706331]","nearest_3d":"[0.30051678,-1.61774826,0.52990240]","type":"wall-back"},"4":{"unique_id":"d830d2e3-1e42-4b16-ae66-1e75c781ebf1","ros_timestamp":"1695917987.2782843","T_map_cam":"[[-0.17153644,-0.00000031,0.98517778,-0.48979859],[-0.98517778,-0.00000022,-0.17153644,0.08528232],[0.00000027,-1.00000000,-0.00000027,0.99997541],[0.00000000,0.00000000,0.00000000,1.00000000]]","center_3d":"[0.44154555,-1.64514029,0.49601668]","nearest_3d":"[0.30051678,-1.61774826,0.52990240]","type":"obstacle"},"5":{"unique_id":"318a280f-6f87-4ec7-9387-e07efba41fa8","ros_timestamp":"1695917987.2782843","T_map_cam":"[[-0.17153644,-0.00000031,0.98517778,-0.48979859],[-0.98517778,-0.00000022,-0.17153644,0.08528232],[0.00000027,-1.00000000,-0.00000027,0.99997541],[0.00000000,0.00000000,0.00000000,1.00000000]]","center_3d":"[-0.01139078,0.73672003,0.67360735]","nearest_3d":"[1.32541287,0.11547762,1.10972559]","type":"obstacle"},"6":{"unique_id":"7f227009-9a21-46a9-aebf-0fbf3112f3d1","ros_timestamp":"1695917987.2782843","T_map_cam":"[[-0.17153644,-0.00000031,0.98517778,-0.48979859],[-0.98517778,-0.00000022,-0.17153644,0.08528232],[0.00000027,-1.00000000,-0.00000027,0.99997541],[0.00000000,0.00000000,0.00000000,1.00000000]]","center_3d":"[0.30051678,-1.61774826,0.52990240]","nearest_3d":"[0.44154555,-1.64514029,0.49601668]","type":"obstacle"}}