{"0":{"unique_id":"a7a49ecd-e09c-4439-b4c3-0de7364acc21","ros_timestamp":"1695917891.0801468","T_map_cam":"[[0.89605251,0.00000036,-0.44394808,0.22071670],[0.44394808,-0.00000012,0.89605251,-0.44548835],[0.00000027,-1.00000000,-0.00000027,0.99997541],[0.00000000,0.00000000,0.00000000,1.00000000]]","center_3d":"[-1.34401202,1.59008658,1.10943568]","nearest_3d":"[0.01575254,0.73746765,0.66200149]","type":"wall-left"},"1":{"unique_id":"e91ede5e-d3f4-42b9-b72d-e633c169fcaa","ros_timestamp":"1695917891.0801468","T_map_cam":"[[0.89605251,0.00000036,-0.44394808,0.22071670],[0.44394808,-0.00000012,0.89605251,-0.44548835],[0.00000027,-1.00000000,-0.00000027,0.99997541],[0.00000000,0.00000000,0.00000000,1.00000000]]","center_3d":"[1.29448712,2.37012458,1.16701710]","nearest_3d":"[0.52767932,2.93391871,1.19982648]","type":"wall-right"},"2":{"unique_id":"a506ee67-e442-415f-963e-89d309080b44","ros_timestamp":"1695917891.0801468","T_map_cam":"[[0.89605251,0.00000036,-0.44394808,0.22071670],[0.44394808,-0.00000012,0.89605251,-0.44548835],[0.00000027,-1.00000000,-0.00000027,0.99997541],[0.00000000,0.00000000,0.00000000,1.00000000]]","center_3d":"[0.52767932,2.93391871,1.19982648]","nearest_3d":"[1.29448712,2.37012458,1.16701710]","type":"wall-front"},"3":{"unique_id":"d830d2e3-1e42-4b16-ae66-1e75c781ebf1","ros_timestamp":"1695917891.0801468","T_map_cam":"[[0.89605251,0.00000036,-0.44394808,0.22071670],[0.44394808,-0.00000012,0.89605251,-0.44548835],[0.00000027,-1.00000000,-0.00000027,0.99997541],[0.00000000,0.00000000,0.00000000,1.00000000]]","center_3d":"[0.01931016,0.73901892,0.66228521]","nearest_3d":"[0.01575254,0.73746765,0.66200149]","type":"obstacle"},"4":{"unique_id":"318a280f-6f87-4ec7-9387-e07efba41fa8","ros_timestamp":"1695917891.0801468","T_map_cam":"[[0.89605251,0.00000036,-0.44394808,0.22071670],[0.44394808,-0.00000012,0.89605251,-0.44548835],[0.00000027,-1.00000000,-0.00000027,0.99997541],[0.00000000,0.00000000,0.00000000,1.00000000]]","center_3d":"[0.01575254,0.73746765,0.66200149]","nearest_3d":"[0.01931016,0.73901892,0.66228521]","type":"obstacle"}}