{"0":{"unique_id":"a7a49ecd-e09c-4439-b4c3-0de7364acc21","ros_timestamp":"1695917891.188152","T_map_cam":"[[0.89156830,0.00000036,-0.45288626,0.22516048],[0.45288626,-0.00000012,0.89156830,-0.44325894],[0.00000027,-1.00000000,-0.00000027,0.99997541],[0.00000000,0.00000000,0.00000000,1.00000000]]","center_3d":"[-1.34978247,1.58975387,1.10944998]","nearest_3d":"[0.01575254,0.73746765,0.66200149]","type":"wall-left"},"1":{"unique_id":"e91ede5e-d3f4-42b9-b72d-e633c169fcaa","ros_timestamp":"1695917891.188152","T_map_cam":"[[0.89156830,0.00000036,-0.45288626,0.22516048],[0.45288626,-0.00000012,0.89156830,-0.44325894],[0.00000027,-1.00000000,-0.00000027,0.99997541],[0.00000000,0.00000000,0.00000000,1.00000000]]","center_3d":"[1.29448712,2.37012458,1.16701710]","nearest_3d":"[0.52830392,2.93436193,1.19980597]","type":"wall-right"},"2":{"unique_id":"a506ee67-e442-415f-963e-89d309080b44","ros_timestamp":"1695917891.188152","T_map_cam":"[[0.89156830,0.00000036,-0.45288626,0.22516048],[0.45288626,-0.00000012,0.89156830,-0.44325894],[0.00000027,-1.00000000,-0.00000027,0.99997541],[0.00000000,0.00000000,0.00000000,1.00000000]]","center_3d":"[0.52830392,2.93436193,1.19980597]","nearest_3d":"[1.29448712,2.37012458,1.16701710]","type":"wall-front"},"3":{"unique_id":"d830d2e3-1e42-4b16-ae66-1e75c781ebf1","ros_timestamp":"1695917891.188152","T_map_cam":"[[0.89156830,0.00000036,-0.45288626,0.22516048],[0.45288626,-0.00000012,0.89156830,-0.44325894],[0.00000027,-1.00000000,-0.00000027,0.99997541],[0.00000000,0.00000000,0.00000000,1.00000000]]","center_3d":"[0.01829515,0.73822397,0.66070747]","nearest_3d":"[0.01575254,0.73746765,0.66200149]","type":"obstacle"},"4":{"unique_id":"318a280f-6f87-4ec7-9387-e07efba41fa8","ros_timestamp":"1695917891.188152","T_map_cam":"[[0.89156830,0.00000036,-0.45288626,0.22516048],[0.45288626,-0.00000012,0.89156830,-0.44325894],[0.00000027,-1.00000000,-0.00000027,0.99997541],[0.00000000,0.00000000,0.00000000,1.00000000]]","center_3d":"[0.01575254,0.73746765,0.66200149]","nearest_3d":"[0.01829515,0.73822397,0.66070747]","type":"obstacle"}}