{"0":{"unique_id":"a7a49ecd-e09c-4439-b4c3-0de7364acc21","ros_timestamp":"1695917881.1157026","T_map_cam":"[[0.99755100,0.00000029,-0.06994282,0.03477337],[0.06994282,-0.00000025,0.99755100,-0.49595014],[0.00000027,-1.00000000,-0.00000027,0.99997541],[0.00000000,0.00000000,0.00000000,1.00000000]]","center_3d":"[-1.35744178,2.02478528,1.12672746]","nearest_3d":"[0.00024153,0.71896261,0.66475755]","type":"wall-left"},"1":{"unique_id":"e91ede5e-d3f4-42b9-b72d-e633c169fcaa","ros_timestamp":"1695917881.1157026","T_map_cam":"[[0.99755100,0.00000029,-0.06994282,0.03477337],[0.06994282,-0.00000025,0.99755100,-0.49595014],[0.00000027,-1.00000000,-0.00000027,0.99997541],[0.00000000,0.00000000,0.00000000,1.00000000]]","center_3d":"[1.29533005,2.25239420,1.10644090]","nearest_3d":"[0.00024153,0.71896261,0.66475755]","type":"wall-right"},"2":{"unique_id":"d830d2e3-1e42-4b16-ae66-1e75c781ebf1","ros_timestamp":"1695917881.1157026","T_map_cam":"[[0.99755100,0.00000029,-0.06994282,0.03477337],[0.06994282,-0.00000025,0.99755100,-0.49595014],[0.00000027,-1.00000000,-0.00000027,0.99997541],[0.00000000,0.00000000,0.00000000,1.00000000]]","center_3d":"[0.00024153,0.71896261,0.66475755]","nearest_3d":"[-1.35744178,2.02478528,1.12672746]","type":"obstacle"}}