{"0":{"unique_id":"a7a49ecd-e09c-4439-b4c3-0de7364acc21","ros_timestamp":"1695918000.8791752","T_map_cam":"[[0.43281312,-0.00000013,0.90148367,-0.44818854],[-0.90148367,-0.00000036,0.43281312,-0.21518076],[0.00000027,-1.00000000,-0.00000027,0.99997541],[0.00000000,0.00000000,0.00000000,1.00000000]]","center_3d":"[-1.31952059,-0.53801036,1.07341123]","nearest_3d":"[-0.02564292,0.72023803,0.68087941]","type":"wall-left"},"1":{"unique_id":"e91ede5e-d3f4-42b9-b72d-e633c169fcaa","ros_timestamp":"1695918000.8791752","T_map_cam":"[[0.43281312,-0.00000013,0.90148367,-0.44818854],[-0.90148367,-0.00000036,0.43281312,-0.21518076],[0.00000027,-1.00000000,-0.00000027,0.99997541],[0.00000000,0.00000000,0.00000000,1.00000000]]","center_3d":"[1.31997716,0.43630785,1.05867517]","nearest_3d":"[0.18585250,0.98294771,0.56307745]","type":"wall-right"},"2":{"unique_id":"a506ee67-e442-415f-963e-89d309080b44","ros_timestamp":"1695918000.8791752","T_map_cam":"[[0.43281312,-0.00000013,0.90148367,-0.44818854],[-0.90148367,-0.00000036,0.43281312,-0.21518076],[0.00000027,-1.00000000,-0.00000027,0.99997541],[0.00000000,0.00000000,0.00000000,1.00000000]]","center_3d":"[-0.03940178,2.92728591,1.26283419]","nearest_3d":"[0.18585250,0.98294771,0.56307745]","type":"wall-front"},"3":{"unique_id":"e4e770ed-53e8-486f-a1c3-655d2d6e1c87","ros_timestamp":"1695918000.8791752","T_map_cam":"[[0.43281312,-0.00000013,0.90148367,-0.44818854],[-0.90148367,-0.00000036,0.43281312,-0.21518076],[0.00000027,-1.00000000,-0.00000027,0.99997541],[0.00000000,0.00000000,0.00000000,1.00000000]]","center_3d":"[0.01905947,-2.92780447,1.21706331]","nearest_3d":"[0.44154549,-1.64514029,0.49601668]","type":"wall-back"},"4":{"unique_id":"d830d2e3-1e42-4b16-ae66-1e75c781ebf1","ros_timestamp":"1695918000.8791752","T_map_cam":"[[0.43281312,-0.00000013,0.90148367,-0.44818854],[-0.90148367,-0.00000036,0.43281312,-0.21518076],[0.00000027,-1.00000000,-0.00000027,0.99997541],[0.00000000,0.00000000,0.00000000,1.00000000]]","center_3d":"[0.44154549,-1.64514029,0.49601668]","nearest_3d":"[0.01905947,-2.92780447,1.21706331]","type":"obstacle"},"5":{"unique_id":"318a280f-6f87-4ec7-9387-e07efba41fa8","ros_timestamp":"1695918000.8791752","T_map_cam":"[[0.43281312,-0.00000013,0.90148367,-0.44818854],[-0.90148367,-0.00000036,0.43281312,-0.21518076],[0.00000027,-1.00000000,-0.00000027,0.99997541],[0.00000000,0.00000000,0.00000000,1.00000000]]","center_3d":"[-0.02564292,0.72023803,0.68087941]","nearest_3d":"[0.18585250,0.98294771,0.56307745]","type":"obstacle"},"6":{"unique_id":"7f227009-9a21-46a9-aebf-0fbf3112f3d1","ros_timestamp":"1695918000.8791752","T_map_cam":"[[0.43281312,-0.00000013,0.90148367,-0.44818854],[-0.90148367,-0.00000036,0.43281312,-0.21518076],[0.00000027,-1.00000000,-0.00000027,0.99997541],[0.00000000,0.00000000,0.00000000,1.00000000]]","center_3d":"[0.18585250,0.98294771,0.56307745]","nearest_3d":"[-0.02564292,0.72023803,0.68087941]","type":"obstacle"}}