{"0":{"unique_id":"a7a49ecd-e09c-4439-b4c3-0de7364acc21","ros_timestamp":"1695917881.4061344","T_map_cam":"[[0.99680171,0.00000029,-0.07991466,0.03973105],[0.07991466,-0.00000025,0.99680171,-0.49557761],[0.00000027,-1.00000000,-0.00000027,0.99997541],[0.00000000,0.00000000,0.00000000,1.00000000]]","center_3d":"[-1.35687983,2.01253843,1.13188255]","nearest_3d":"[0.00269197,0.71881372,0.66349566]","type":"wall-left"},"1":{"unique_id":"e91ede5e-d3f4-42b9-b72d-e633c169fcaa","ros_timestamp":"1695917881.4061344","T_map_cam":"[[0.99680171,0.00000029,-0.07991466,0.03973105],[0.07991466,-0.00000025,0.99680171,-0.49557761],[0.00000027,-1.00000000,-0.00000027,0.99997541],[0.00000000,0.00000000,0.00000000,1.00000000]]","center_3d":"[1.29494047,2.26077151,1.09252548]","nearest_3d":"[0.00269197,0.71881372,0.66349566]","type":"wall-right"},"2":{"unique_id":"d830d2e3-1e42-4b16-ae66-1e75c781ebf1","ros_timestamp":"1695917881.4061344","T_map_cam":"[[0.99680171,0.00000029,-0.07991466,0.03973105],[0.07991466,-0.00000025,0.99680171,-0.49557761],[0.00000027,-1.00000000,-0.00000027,0.99997541],[0.00000000,0.00000000,0.00000000,1.00000000]]","center_3d":"[0.00269197,0.71881372,0.66349566]","nearest_3d":"[-1.35687983,2.01253843,1.13188255]","type":"obstacle"}}