{"0":{"unique_id":"a7a49ecd-e09c-4439-b4c3-0de7364acc21","ros_timestamp":"1695917881.5025241","T_map_cam":"[[0.99595274,0.00000029,-0.08987852,0.04468476],[0.08987852,-0.00000024,0.99595274,-0.49515553],[0.00000027,-1.00000000,-0.00000027,0.99997541],[0.00000000,0.00000000,0.00000000,1.00000000]]","center_3d":"[-1.34886777,2.01029420,1.13190675]","nearest_3d":"[0.01122962,0.72011465,0.66875464]","type":"wall-left"},"1":{"unique_id":"e91ede5e-d3f4-42b9-b72d-e633c169fcaa","ros_timestamp":"1695917881.5025241","T_map_cam":"[[0.99595274,0.00000029,-0.08987852,0.04468476],[0.08987852,-0.00000024,0.99595274,-0.49515553],[0.00000027,-1.00000000,-0.00000027,0.99997541],[0.00000000,0.00000000,0.00000000,1.00000000]]","center_3d":"[1.29515278,2.26868415,1.09598708]","nearest_3d":"[0.01122962,0.72011465,0.66875464]","type":"wall-right"},"2":{"unique_id":"d830d2e3-1e42-4b16-ae66-1e75c781ebf1","ros_timestamp":"1695917881.5025241","T_map_cam":"[[0.99595274,0.00000029,-0.08987852,0.04468476],[0.08987852,-0.00000024,0.99595274,-0.49515553],[0.00000027,-1.00000000,-0.00000027,0.99997541],[0.00000000,0.00000000,0.00000000,1.00000000]]","center_3d":"[0.01122962,0.72011465,0.66875464]","nearest_3d":"[-1.34886777,2.01029420,1.13190675]","type":"obstacle"}}