{"0":{"unique_id":"a7a49ecd-e09c-4439-b4c3-0de7364acc21","ros_timestamp":"1695917881.5978076","T_map_cam":"[[0.99595274,0.00000029,-0.08987852,0.04468476],[0.08987852,-0.00000024,0.99595274,-0.49515553],[0.00000027,-1.00000000,-0.00000027,0.99997541],[0.00000000,0.00000000,0.00000000,1.00000000]]","center_3d":"[-1.35663724,2.00374961,1.13191247]","nearest_3d":"[0.00827475,0.72008312,0.66916126]","type":"wall-left"},"1":{"unique_id":"e91ede5e-d3f4-42b9-b72d-e633c169fcaa","ros_timestamp":"1695917881.5978076","T_map_cam":"[[0.99595274,0.00000029,-0.08987852,0.04468476],[0.08987852,-0.00000024,0.99595274,-0.49515553],[0.00000027,-1.00000000,-0.00000027,0.99997541],[0.00000000,0.00000000,0.00000000,1.00000000]]","center_3d":"[1.29512370,2.26886845,1.09948242]","nearest_3d":"[0.00827475,0.72008312,0.66916126]","type":"wall-right"},"2":{"unique_id":"d830d2e3-1e42-4b16-ae66-1e75c781ebf1","ros_timestamp":"1695917881.5978076","T_map_cam":"[[0.99595274,0.00000029,-0.08987852,0.04468476],[0.08987852,-0.00000024,0.99595274,-0.49515553],[0.00000027,-1.00000000,-0.00000027,0.99997541],[0.00000000,0.00000000,0.00000000,1.00000000]]","center_3d":"[0.00827475,0.72008312,0.66916126]","nearest_3d":"[-1.35663724,2.00374961,1.13191247]","type":"obstacle"}}