{"0":{"unique_id":"a7a49ecd-e09c-4439-b4c3-0de7364acc21","ros_timestamp":"1695917881.684335","T_map_cam":"[[0.99595274,0.00000029,-0.08987852,0.04468476],[0.08987852,-0.00000024,0.99595274,-0.49515553],[0.00000027,-1.00000000,-0.00000027,0.99997541],[0.00000000,0.00000000,0.00000000,1.00000000]]","center_3d":"[-1.35046458,1.95634782,1.12046075]","nearest_3d":"[0.00727733,0.72012115,0.66897178]","type":"wall-left"},"1":{"unique_id":"e91ede5e-d3f4-42b9-b72d-e633c169fcaa","ros_timestamp":"1695917881.684335","T_map_cam":"[[0.99595274,0.00000029,-0.08987852,0.04468476],[0.08987852,-0.00000024,0.99595274,-0.49515553],[0.00000027,-1.00000000,-0.00000027,0.99997541],[0.00000000,0.00000000,0.00000000,1.00000000]]","center_3d":"[1.29500651,2.27149510,1.09943259]","nearest_3d":"[0.00727733,0.72012115,0.66897178]","type":"wall-right"},"2":{"unique_id":"d830d2e3-1e42-4b16-ae66-1e75c781ebf1","ros_timestamp":"1695917881.684335","T_map_cam":"[[0.99595274,0.00000029,-0.08987852,0.04468476],[0.08987852,-0.00000024,0.99595274,-0.49515553],[0.00000027,-1.00000000,-0.00000027,0.99997541],[0.00000000,0.00000000,0.00000000,1.00000000]]","center_3d":"[0.00727733,0.72012115,0.66897178]","nearest_3d":"[-1.35046458,1.95634782,1.12046075]","type":"obstacle"}}