{"0":{"unique_id":"a7a49ecd-e09c-4439-b4c3-0de7364acc21","ros_timestamp":"1695917898.0801094","T_map_cam":"[[0.73846858,0.00000038,-0.67428789,0.33523421],[0.67428789,-0.00000002,0.73846858,-0.36714269],[0.00000027,-1.00000000,-0.00000027,0.99997541],[0.00000000,0.00000000,0.00000000,1.00000000]]","center_3d":"[-1.34266806,1.44160020,1.04498029]","nearest_3d":"[0.00059536,0.73666531,0.67395365]","type":"wall-left"},"1":{"unique_id":"e91ede5e-d3f4-42b9-b72d-e633c169fcaa","ros_timestamp":"1695917898.0801094","T_map_cam":"[[0.73846858,0.00000038,-0.67428789,0.33523421],[0.67428789,-0.00000002,0.73846858,-0.36714269],[0.00000027,-1.00000000,-0.00000027,0.99997541],[0.00000000,0.00000000,0.00000000,1.00000000]]","center_3d":"[1.29448712,2.37012458,1.16701710]","nearest_3d":"[0.14125052,2.92963576,1.23098946]","type":"wall-right"},"2":{"unique_id":"a506ee67-e442-415f-963e-89d309080b44","ros_timestamp":"1695917898.0801094","T_map_cam":"[[0.73846858,0.00000038,-0.67428789,0.33523421],[0.67428789,-0.00000002,0.73846858,-0.36714269],[0.00000027,-1.00000000,-0.00000027,0.99997541],[0.00000000,0.00000000,0.00000000,1.00000000]]","center_3d":"[0.14125052,2.92963576,1.23098946]","nearest_3d":"[1.29448712,2.37012458,1.16701710]","type":"wall-front"},"3":{"unique_id":"d830d2e3-1e42-4b16-ae66-1e75c781ebf1","ros_timestamp":"1695917898.0801094","T_map_cam":"[[0.73846858,0.00000038,-0.67428789,0.33523421],[0.67428789,-0.00000002,0.73846858,-0.36714269],[0.00000027,-1.00000000,-0.00000027,0.99997541],[0.00000000,0.00000000,0.00000000,1.00000000]]","center_3d":"[0.00059536,0.73666531,0.67395365]","nearest_3d":"[0.18585250,0.98294771,0.56307745]","type":"obstacle"},"4":{"unique_id":"318a280f-6f87-4ec7-9387-e07efba41fa8","ros_timestamp":"1695917898.0801094","T_map_cam":"[[0.73846858,0.00000038,-0.67428789,0.33523421],[0.67428789,-0.00000002,0.73846858,-0.36714269],[0.00000027,-1.00000000,-0.00000027,0.99997541],[0.00000000,0.00000000,0.00000000,1.00000000]]","center_3d":"[0.18585250,0.98294771,0.56307745]","nearest_3d":"[0.00059536,0.73666531,0.67395365]","type":"obstacle"}}