{"0":{"unique_id":"a7a49ecd-e09c-4439-b4c3-0de7364acc21","ros_timestamp":"1695917881.791296","T_map_cam":"[[0.99500417,0.00000029,-0.09983339,0.04963400],[0.09983339,-0.00000024,0.99500417,-0.49468393],[0.00000027,-1.00000000,-0.00000027,0.99997541],[0.00000000,0.00000000,0.00000000,1.00000000]]","center_3d":"[-1.34810317,1.95506918,1.12046301]","nearest_3d":"[0.00691820,0.72017831,0.66890675]","type":"wall-left"},"1":{"unique_id":"e91ede5e-d3f4-42b9-b72d-e633c169fcaa","ros_timestamp":"1695917881.791296","T_map_cam":"[[0.99500417,0.00000029,-0.09983339,0.04963400],[0.09983339,-0.00000024,0.99500417,-0.49468393],[0.00000027,-1.00000000,-0.00000027,0.99997541],[0.00000000,0.00000000,0.00000000,1.00000000]]","center_3d":"[1.29494750,2.27280807,1.09940827]","nearest_3d":"[0.00691820,0.72017831,0.66890675]","type":"wall-right"},"2":{"unique_id":"d830d2e3-1e42-4b16-ae66-1e75c781ebf1","ros_timestamp":"1695917881.791296","T_map_cam":"[[0.99500417,0.00000029,-0.09983339,0.04963400],[0.09983339,-0.00000024,0.99500417,-0.49468393],[0.00000027,-1.00000000,-0.00000027,0.99997541],[0.00000000,0.00000000,0.00000000,1.00000000]]","center_3d":"[0.00691820,0.72017831,0.66890675]","nearest_3d":"[-1.34810317,1.95506918,1.12046301]","type":"obstacle"}}