{"0":{"unique_id":"a7a49ecd-e09c-4439-b4c3-0de7364acc21","ros_timestamp":"1695917899.0894907","T_map_cam":"[[0.71091356,0.00000038,-0.70327940,0.34964785],[0.70327940,-0.00000000,0.71091356,-0.35344322],[0.00000027,-1.00000000,-0.00000027,0.99997541],[0.00000000,0.00000000,0.00000000,1.00000000]]","center_3d":"[-1.34096503,1.40400600,1.04366648]","nearest_3d":"[-0.00518039,0.73926598,0.67878330]","type":"wall-left"},"1":{"unique_id":"e91ede5e-d3f4-42b9-b72d-e633c169fcaa","ros_timestamp":"1695917899.0894907","T_map_cam":"[[0.71091356,0.00000038,-0.70327940,0.34964785],[0.70327940,-0.00000000,0.71091356,-0.35344322],[0.00000027,-1.00000000,-0.00000027,0.99997541],[0.00000000,0.00000000,0.00000000,1.00000000]]","center_3d":"[1.29448712,2.37012458,1.16701710]","nearest_3d":"[0.09922215,2.92918706,1.24140680]","type":"wall-right"},"2":{"unique_id":"a506ee67-e442-415f-963e-89d309080b44","ros_timestamp":"1695917899.0894907","T_map_cam":"[[0.71091356,0.00000038,-0.70327940,0.34964785],[0.70327940,-0.00000000,0.71091356,-0.35344322],[0.00000027,-1.00000000,-0.00000027,0.99997541],[0.00000000,0.00000000,0.00000000,1.00000000]]","center_3d":"[0.09922215,2.92918706,1.24140680]","nearest_3d":"[1.29448712,2.37012458,1.16701710]","type":"wall-front"},"3":{"unique_id":"d830d2e3-1e42-4b16-ae66-1e75c781ebf1","ros_timestamp":"1695917899.0894907","T_map_cam":"[[0.71091356,0.00000038,-0.70327940,0.34964785],[0.70327940,-0.00000000,0.71091356,-0.35344322],[0.00000027,-1.00000000,-0.00000027,0.99997541],[0.00000000,0.00000000,0.00000000,1.00000000]]","center_3d":"[-0.00518039,0.73926598,0.67878330]","nearest_3d":"[0.18585250,0.98294771,0.56307745]","type":"obstacle"},"4":{"unique_id":"318a280f-6f87-4ec7-9387-e07efba41fa8","ros_timestamp":"1695917899.0894907","T_map_cam":"[[0.71091356,0.00000038,-0.70327940,0.34964785],[0.70327940,-0.00000000,0.71091356,-0.35344322],[0.00000027,-1.00000000,-0.00000027,0.99997541],[0.00000000,0.00000000,0.00000000,1.00000000]]","center_3d":"[0.18585250,0.98294771,0.56307745]","nearest_3d":"[-0.00518039,0.73926598,0.67878330]","type":"obstacle"}}