{"0":{"unique_id":"a7a49ecd-e09c-4439-b4c3-0de7364acc21","ros_timestamp":"1695917881.874279","T_map_cam":"[[0.99500417,0.00000029,-0.09983339,0.04963400],[0.09983339,-0.00000024,0.99500417,-0.49468393],[0.00000027,-1.00000000,-0.00000027,0.99997541],[0.00000000,0.00000000,0.00000000,1.00000000]]","center_3d":"[-1.35572278,1.94811416,1.12046397]","nearest_3d":"[0.00406391,0.72030479,0.66939479]","type":"wall-left"},"1":{"unique_id":"e91ede5e-d3f4-42b9-b72d-e633c169fcaa","ros_timestamp":"1695917881.874279","T_map_cam":"[[0.99500417,0.00000029,-0.09983339,0.04963400],[0.09983339,-0.00000024,0.99500417,-0.49468393],[0.00000027,-1.00000000,-0.00000027,0.99997541],[0.00000000,0.00000000,0.00000000,1.00000000]]","center_3d":"[1.29549706,2.27781868,1.11378205]","nearest_3d":"[0.00406391,0.72030479,0.66939479]","type":"wall-right"},"2":{"unique_id":"d830d2e3-1e42-4b16-ae66-1e75c781ebf1","ros_timestamp":"1695917881.874279","T_map_cam":"[[0.99500417,0.00000029,-0.09983339,0.04963400],[0.09983339,-0.00000024,0.99500417,-0.49468393],[0.00000027,-1.00000000,-0.00000027,0.99997541],[0.00000000,0.00000000,0.00000000,1.00000000]]","center_3d":"[0.00406391,0.72030479,0.66939479]","nearest_3d":"[-1.35572278,1.94811416,1.12046397]","type":"obstacle"}}