{"0":{"unique_id":"a7a49ecd-e09c-4439-b4c3-0de7364acc21","ros_timestamp":"1695917880.1156383","T_map_cam":"[[0.99920011,0.00000028,-0.03998930,0.01988145],[0.03998930,-0.00000026,0.99920011,-0.49677002],[0.00000027,-1.00000000,-0.00000027,0.99997541],[0.00000000,0.00000000,0.00000000,1.00000000]]","center_3d":"[-1.35891652,2.10139227,1.05259776]","nearest_3d":"[-0.01506232,0.71754795,0.66061848]","type":"wall-left"},"1":{"unique_id":"e91ede5e-d3f4-42b9-b72d-e633c169fcaa","ros_timestamp":"1695917880.1156383","T_map_cam":"[[0.99920011,0.00000028,-0.03998930,0.01988145],[0.03998930,-0.00000026,0.99920011,-0.49677002],[0.00000027,-1.00000000,-0.00000027,0.99997541],[0.00000000,0.00000000,0.00000000,1.00000000]]","center_3d":"[1.29448140,2.24578047,1.11067426]","nearest_3d":"[-0.01506232,0.71754795,0.66061848]","type":"wall-right"},"2":{"unique_id":"d830d2e3-1e42-4b16-ae66-1e75c781ebf1","ros_timestamp":"1695917880.1156383","T_map_cam":"[[0.99920011,0.00000028,-0.03998930,0.01988145],[0.03998930,-0.00000026,0.99920011,-0.49677002],[0.00000027,-1.00000000,-0.00000027,0.99997541],[0.00000000,0.00000000,0.00000000,1.00000000]]","center_3d":"[-0.01506232,0.71754795,0.66061848]","nearest_3d":"[-1.35891652,2.10139227,1.05259776]","type":"obstacle"}}