{"0":{"unique_id":"a7a49ecd-e09c-4439-b4c3-0de7364acc21","ros_timestamp":"1695917900.1024792","T_map_cam":"[[0.68222123,0.00000038,-0.73114581,0.36350213],[0.73114581,0.00000001,0.68222123,-0.33917832],[0.00000027,-1.00000000,-0.00000027,0.99997541],[0.00000000,0.00000000,0.00000000,1.00000000]]","center_3d":"[-1.34235942,1.39714503,1.04327464]","nearest_3d":"[-0.00324998,0.73900163,0.67774951]","type":"wall-left"},"1":{"unique_id":"e91ede5e-d3f4-42b9-b72d-e633c169fcaa","ros_timestamp":"1695917900.1024792","T_map_cam":"[[0.68222123,0.00000038,-0.73114581,0.36350213],[0.73114581,0.00000001,0.68222123,-0.33917832],[0.00000027,-1.00000000,-0.00000027,0.99997541],[0.00000000,0.00000000,0.00000000,1.00000000]]","center_3d":"[1.29448712,2.37012458,1.16701710]","nearest_3d":"[0.05473446,2.92871833,1.25065804]","type":"wall-right"},"2":{"unique_id":"a506ee67-e442-415f-963e-89d309080b44","ros_timestamp":"1695917900.1024792","T_map_cam":"[[0.68222123,0.00000038,-0.73114581,0.36350213],[0.73114581,0.00000001,0.68222123,-0.33917832],[0.00000027,-1.00000000,-0.00000027,0.99997541],[0.00000000,0.00000000,0.00000000,1.00000000]]","center_3d":"[0.05473446,2.92871833,1.25065804]","nearest_3d":"[1.29448712,2.37012458,1.16701710]","type":"wall-front"},"3":{"unique_id":"d830d2e3-1e42-4b16-ae66-1e75c781ebf1","ros_timestamp":"1695917900.1024792","T_map_cam":"[[0.68222123,0.00000038,-0.73114581,0.36350213],[0.73114581,0.00000001,0.68222123,-0.33917832],[0.00000027,-1.00000000,-0.00000027,0.99997541],[0.00000000,0.00000000,0.00000000,1.00000000]]","center_3d":"[-0.00324998,0.73900163,0.67774951]","nearest_3d":"[0.18585250,0.98294771,0.56307745]","type":"obstacle"},"4":{"unique_id":"318a280f-6f87-4ec7-9387-e07efba41fa8","ros_timestamp":"1695917900.1024792","T_map_cam":"[[0.68222123,0.00000038,-0.73114581,0.36350213],[0.73114581,0.00000001,0.68222123,-0.33917832],[0.00000027,-1.00000000,-0.00000027,0.99997541],[0.00000000,0.00000000,0.00000000,1.00000000]]","center_3d":"[0.18585250,0.98294771,0.56307745]","nearest_3d":"[-0.00324998,0.73900163,0.67774951]","type":"obstacle"}}