{"0":{"unique_id":"a7a49ecd-e09c-4439-b4c3-0de7364acc21","ros_timestamp":"1695917881.9992385","T_map_cam":"[[0.99395610,0.00000030,-0.10977827,0.05457827],[0.10977827,-0.00000024,0.99395610,-0.49416287],[0.00000027,-1.00000000,-0.00000027,0.99997541],[0.00000000,0.00000000,0.00000000,1.00000000]]","center_3d":"[-1.35066438,1.94480968,1.12045872]","nearest_3d":"[0.00687076,0.72046685,0.66998428]","type":"wall-left"},"1":{"unique_id":"e91ede5e-d3f4-42b9-b72d-e633c169fcaa","ros_timestamp":"1695917881.9992385","T_map_cam":"[[0.99395610,0.00000030,-0.10977827,0.05457827],[0.10977827,-0.00000024,0.99395610,-0.49416287],[0.00000027,-1.00000000,-0.00000027,0.99997541],[0.00000000,0.00000000,0.00000000,1.00000000]]","center_3d":"[1.29558372,2.27924442,1.11734903]","nearest_3d":"[0.00687076,0.72046685,0.66998428]","type":"wall-right"},"2":{"unique_id":"d830d2e3-1e42-4b16-ae66-1e75c781ebf1","ros_timestamp":"1695917881.9992385","T_map_cam":"[[0.99395610,0.00000030,-0.10977827,0.05457827],[0.10977827,-0.00000024,0.99395610,-0.49416287],[0.00000027,-1.00000000,-0.00000027,0.99997541],[0.00000000,0.00000000,0.00000000,1.00000000]]","center_3d":"[0.00687076,0.72046685,0.66998428]","nearest_3d":"[-1.35066438,1.94480968,1.12045872]","type":"obstacle"}}