{"0":{"unique_id":"a7a49ecd-e09c-4439-b4c3-0de7364acc21","ros_timestamp":"1695917901.5097542","T_map_cam":"[[0.63715117,0.00000038,-0.77073886,0.38318651],[0.77073886,0.00000004,0.63715117,-0.31677094],[0.00000027,-1.00000000,-0.00000027,0.99997541],[0.00000000,0.00000000,0.00000000,1.00000000]]","center_3d":"[-1.34597158,1.32688880,1.09396338]","nearest_3d":"[-0.00510704,0.73776031,0.67220980]","type":"wall-left"},"1":{"unique_id":"e91ede5e-d3f4-42b9-b72d-e633c169fcaa","ros_timestamp":"1695917901.5097542","T_map_cam":"[[0.63715117,0.00000038,-0.77073886,0.38318651],[0.77073886,0.00000004,0.63715117,-0.31677094],[0.00000027,-1.00000000,-0.00000027,0.99997541],[0.00000000,0.00000000,0.00000000,1.00000000]]","center_3d":"[1.29448712,2.37012458,1.16701710]","nearest_3d":"[0.00307319,2.92785573,1.26188719]","type":"wall-right"},"2":{"unique_id":"a506ee67-e442-415f-963e-89d309080b44","ros_timestamp":"1695917901.5097542","T_map_cam":"[[0.63715117,0.00000038,-0.77073886,0.38318651],[0.77073886,0.00000004,0.63715117,-0.31677094],[0.00000027,-1.00000000,-0.00000027,0.99997541],[0.00000000,0.00000000,0.00000000,1.00000000]]","center_3d":"[0.00307319,2.92785573,1.26188719]","nearest_3d":"[1.29448712,2.37012458,1.16701710]","type":"wall-front"},"3":{"unique_id":"d830d2e3-1e42-4b16-ae66-1e75c781ebf1","ros_timestamp":"1695917901.5097542","T_map_cam":"[[0.63715117,0.00000038,-0.77073886,0.38318651],[0.77073886,0.00000004,0.63715117,-0.31677094],[0.00000027,-1.00000000,-0.00000027,0.99997541],[0.00000000,0.00000000,0.00000000,1.00000000]]","center_3d":"[-0.00510704,0.73776031,0.67220980]","nearest_3d":"[0.18585250,0.98294771,0.56307745]","type":"obstacle"},"4":{"unique_id":"318a280f-6f87-4ec7-9387-e07efba41fa8","ros_timestamp":"1695917901.5097542","T_map_cam":"[[0.63715117,0.00000038,-0.77073886,0.38318651],[0.77073886,0.00000004,0.63715117,-0.31677094],[0.00000027,-1.00000000,-0.00000027,0.99997541],[0.00000000,0.00000000,0.00000000,1.00000000]]","center_3d":"[0.18585250,0.98294771,0.56307745]","nearest_3d":"[-0.00510704,0.73776031,0.67220980]","type":"obstacle"}}