{"0":{"unique_id":"a7a49ecd-e09c-4439-b4c3-0de7364acc21","ros_timestamp":"1695917902.0004134","T_map_cam":"[[0.62160999,0.00000038,-0.78332689,0.38944487],[0.78332689,0.00000004,0.62160999,-0.30904437],[0.00000027,-1.00000000,-0.00000027,0.99997541],[0.00000000,0.00000000,0.00000000,1.00000000]]","center_3d":"[-1.34176910,1.35355604,1.04162109]","nearest_3d":"[-0.00897753,0.73718941,0.67311758]","type":"wall-left"},"1":{"unique_id":"e91ede5e-d3f4-42b9-b72d-e633c169fcaa","ros_timestamp":"1695917902.0004134","T_map_cam":"[[0.62160999,0.00000038,-0.78332689,0.38944487],[0.78332689,0.00000004,0.62160999,-0.30904437],[0.00000027,-1.00000000,-0.00000027,0.99997541],[0.00000000,0.00000000,0.00000000,1.00000000]]","center_3d":"[1.29448712,2.37012458,1.16701710]","nearest_3d":"[-0.03863731,2.92744756,1.26630533]","type":"wall-right"},"2":{"unique_id":"a506ee67-e442-415f-963e-89d309080b44","ros_timestamp":"1695917902.0004134","T_map_cam":"[[0.62160999,0.00000038,-0.78332689,0.38944487],[0.78332689,0.00000004,0.62160999,-0.30904437],[0.00000027,-1.00000000,-0.00000027,0.99997541],[0.00000000,0.00000000,0.00000000,1.00000000]]","center_3d":"[-0.03863731,2.92744756,1.26630533]","nearest_3d":"[1.29448712,2.37012458,1.16701710]","type":"wall-front"},"3":{"unique_id":"d830d2e3-1e42-4b16-ae66-1e75c781ebf1","ros_timestamp":"1695917902.0004134","T_map_cam":"[[0.62160999,0.00000038,-0.78332689,0.38944487],[0.78332689,0.00000004,0.62160999,-0.30904437],[0.00000027,-1.00000000,-0.00000027,0.99997541],[0.00000000,0.00000000,0.00000000,1.00000000]]","center_3d":"[-0.00897753,0.73718941,0.67311758]","nearest_3d":"[0.18585250,0.98294771,0.56307745]","type":"obstacle"},"4":{"unique_id":"318a280f-6f87-4ec7-9387-e07efba41fa8","ros_timestamp":"1695917902.0004134","T_map_cam":"[[0.62160999,0.00000038,-0.78332689,0.38944487],[0.78332689,0.00000004,0.62160999,-0.30904437],[0.00000027,-1.00000000,-0.00000027,0.99997541],[0.00000000,0.00000000,0.00000000,1.00000000]]","center_3d":"[0.18585250,0.98294771,0.56307745]","nearest_3d":"[-0.00897753,0.73718941,0.67311758]","type":"obstacle"}}