{"0":{"unique_id":"a7a49ecd-e09c-4439-b4c3-0de7364acc21","ros_timestamp":"1695917904.49879","T_map_cam":"[[0.54030233,0.00000037,-0.84147097,0.41835222],[0.84147097,0.00000008,0.54030233,-0.26862082],[0.00000027,-1.00000000,-0.00000027,0.99997541],[0.00000000,0.00000000,0.00000000,1.00000000]]","center_3d":"[-1.34573567,1.27605176,1.03716087]","nearest_3d":"[-0.00987688,0.73732650,0.67378449]","type":"wall-left"},"1":{"unique_id":"e91ede5e-d3f4-42b9-b72d-e633c169fcaa","ros_timestamp":"1695917904.49879","T_map_cam":"[[0.54030233,0.00000037,-0.84147097,0.41835222],[0.84147097,0.00000008,0.54030233,-0.26862082],[0.00000027,-1.00000000,-0.00000027,0.99997541],[0.00000000,0.00000000,0.00000000,1.00000000]]","center_3d":"[1.29448712,2.37012458,1.16701710]","nearest_3d":"[-0.03956551,2.92728305,1.26630247]","type":"wall-right"},"2":{"unique_id":"a506ee67-e442-415f-963e-89d309080b44","ros_timestamp":"1695917904.49879","T_map_cam":"[[0.54030233,0.00000037,-0.84147097,0.41835222],[0.84147097,0.00000008,0.54030233,-0.26862082],[0.00000027,-1.00000000,-0.00000027,0.99997541],[0.00000000,0.00000000,0.00000000,1.00000000]]","center_3d":"[-0.03956551,2.92728305,1.26630247]","nearest_3d":"[1.29448712,2.37012458,1.16701710]","type":"wall-front"},"3":{"unique_id":"d830d2e3-1e42-4b16-ae66-1e75c781ebf1","ros_timestamp":"1695917904.49879","T_map_cam":"[[0.54030233,0.00000037,-0.84147097,0.41835222],[0.84147097,0.00000008,0.54030233,-0.26862082],[0.00000027,-1.00000000,-0.00000027,0.99997541],[0.00000000,0.00000000,0.00000000,1.00000000]]","center_3d":"[-0.00987688,0.73732650,0.67378449]","nearest_3d":"[0.18585250,0.98294771,0.56307745]","type":"obstacle"},"4":{"unique_id":"318a280f-6f87-4ec7-9387-e07efba41fa8","ros_timestamp":"1695917904.49879","T_map_cam":"[[0.54030233,0.00000037,-0.84147097,0.41835222],[0.84147097,0.00000008,0.54030233,-0.26862082],[0.00000027,-1.00000000,-0.00000027,0.99997541],[0.00000000,0.00000000,0.00000000,1.00000000]]","center_3d":"[0.18585250,0.98294771,0.56307745]","nearest_3d":"[-0.00987688,0.73732650,0.67378449]","type":"obstacle"}}