{"0":{"unique_id":"a7a49ecd-e09c-4439-b4c3-0de7364acc21","ros_timestamp":"1695917882.494967","T_map_cam":"[[0.99156190,0.00000030,-0.12963411,0.06444995],[0.12963411,-0.00000023,0.99156190,-0.49297255],[0.00000027,-1.00000000,-0.00000027,0.99997541],[0.00000000,0.00000000,0.00000000,1.00000000]]","center_3d":"[-1.35064459,1.92741871,1.12047982]","nearest_3d":"[0.00395357,0.72015089,0.67011046]","type":"wall-left"},"1":{"unique_id":"e91ede5e-d3f4-42b9-b72d-e633c169fcaa","ros_timestamp":"1695917882.494967","T_map_cam":"[[0.99156190,0.00000030,-0.12963411,0.06444995],[0.12963411,-0.00000023,0.99156190,-0.49297255],[0.00000027,-1.00000000,-0.00000027,0.99997541],[0.00000000,0.00000000,0.00000000,1.00000000]]","center_3d":"[1.29505122,2.31075358,1.12112916]","nearest_3d":"[0.00395357,0.72015089,0.67011046]","type":"wall-right"},"2":{"unique_id":"d830d2e3-1e42-4b16-ae66-1e75c781ebf1","ros_timestamp":"1695917882.494967","T_map_cam":"[[0.99156190,0.00000030,-0.12963411,0.06444995],[0.12963411,-0.00000023,0.99156190,-0.49297255],[0.00000027,-1.00000000,-0.00000027,0.99997541],[0.00000000,0.00000000,0.00000000,1.00000000]]","center_3d":"[0.00395357,0.72015089,0.67011046]","nearest_3d":"[-1.35064459,1.92741871,1.12047982]","type":"obstacle"}}