{"0":{"unique_id":"a7a49ecd-e09c-4439-b4c3-0de7364acc21","ros_timestamp":"1695917882.5841427","T_map_cam":"[[0.99156190,0.00000030,-0.12963411,0.06444995],[0.12963411,-0.00000023,0.99156190,-0.49297255],[0.00000027,-1.00000000,-0.00000027,0.99997541],[0.00000000,0.00000000,0.00000000,1.00000000]]","center_3d":"[-1.34796536,1.92464244,1.12047970]","nearest_3d":"[0.00200708,0.72026312,0.67043275]","type":"wall-left"},"1":{"unique_id":"e91ede5e-d3f4-42b9-b72d-e633c169fcaa","ros_timestamp":"1695917882.5841427","T_map_cam":"[[0.99156190,0.00000030,-0.12963411,0.06444995],[0.12963411,-0.00000023,0.99156190,-0.49297255],[0.00000027,-1.00000000,-0.00000027,0.99997541],[0.00000000,0.00000000,0.00000000,1.00000000]]","center_3d":"[1.29502392,2.31070352,1.12108195]","nearest_3d":"[0.00200708,0.72026312,0.67043275]","type":"wall-right"},"2":{"unique_id":"d830d2e3-1e42-4b16-ae66-1e75c781ebf1","ros_timestamp":"1695917882.5841427","T_map_cam":"[[0.99156190,0.00000030,-0.12963411,0.06444995],[0.12963411,-0.00000023,0.99156190,-0.49297255],[0.00000027,-1.00000000,-0.00000027,0.99997541],[0.00000000,0.00000000,0.00000000,1.00000000]]","center_3d":"[0.00200708,0.72026312,0.67043275]","nearest_3d":"[-1.34796536,1.92464244,1.12047970]","type":"obstacle"}}