{"0":{"unique_id":"a7a49ecd-e09c-4439-b4c3-0de7364acc21","ros_timestamp":"1695917908.4769373","T_map_cam":"[[0.39933956,0.00000035,-0.91680310,0.45580492],[0.91680310,0.00000014,0.39933956,-0.19853868],[0.00000027,-1.00000000,-0.00000027,0.99997541],[0.00000000,0.00000000,0.00000000,1.00000000]]","center_3d":"[-1.34663117,1.28190494,1.04938769]","nearest_3d":"[-0.01136364,0.73685151,0.67369741]","type":"wall-left"},"1":{"unique_id":"e91ede5e-d3f4-42b9-b72d-e633c169fcaa","ros_timestamp":"1695917908.4769373","T_map_cam":"[[0.39933956,0.00000035,-0.91680310,0.45580492],[0.91680310,0.00000014,0.39933956,-0.19853868],[0.00000027,-1.00000000,-0.00000027,0.99997541],[0.00000000,0.00000000,0.00000000,1.00000000]]","center_3d":"[1.29448712,2.37012458,1.16701710]","nearest_3d":"[-0.03956551,2.92728305,1.26630247]","type":"wall-right"},"2":{"unique_id":"a506ee67-e442-415f-963e-89d309080b44","ros_timestamp":"1695917908.4769373","T_map_cam":"[[0.39933956,0.00000035,-0.91680310,0.45580492],[0.91680310,0.00000014,0.39933956,-0.19853868],[0.00000027,-1.00000000,-0.00000027,0.99997541],[0.00000000,0.00000000,0.00000000,1.00000000]]","center_3d":"[-0.03956551,2.92728305,1.26630247]","nearest_3d":"[1.29448712,2.37012458,1.16701710]","type":"wall-front"},"3":{"unique_id":"d830d2e3-1e42-4b16-ae66-1e75c781ebf1","ros_timestamp":"1695917908.4769373","T_map_cam":"[[0.39933956,0.00000035,-0.91680310,0.45580492],[0.91680310,0.00000014,0.39933956,-0.19853868],[0.00000027,-1.00000000,-0.00000027,0.99997541],[0.00000000,0.00000000,0.00000000,1.00000000]]","center_3d":"[-0.01136364,0.73685151,0.67369741]","nearest_3d":"[0.18585250,0.98294771,0.56307745]","type":"obstacle"},"4":{"unique_id":"318a280f-6f87-4ec7-9387-e07efba41fa8","ros_timestamp":"1695917908.4769373","T_map_cam":"[[0.39933956,0.00000035,-0.91680310,0.45580492],[0.91680310,0.00000014,0.39933956,-0.19853868],[0.00000027,-1.00000000,-0.00000027,0.99997541],[0.00000000,0.00000000,0.00000000,1.00000000]]","center_3d":"[0.18585250,0.98294771,0.56307745]","nearest_3d":"[-0.01136364,0.73685151,0.67369741]","type":"obstacle"}}