{"0":{"unique_id":"a7a49ecd-e09c-4439-b4c3-0de7364acc21","ros_timestamp":"1695917882.8025994","T_map_cam":"[[0.99021600,0.00000030,-0.13954309,0.06937637],[0.13954309,-0.00000023,0.99021600,-0.49230341],[0.00000027,-1.00000000,-0.00000027,0.99997541],[0.00000000,0.00000000,0.00000000,1.00000000]]","center_3d":"[-1.35030270,1.92764676,1.11615884]","nearest_3d":"[0.00142884,0.72044343,0.66939104]","type":"wall-left"},"1":{"unique_id":"e91ede5e-d3f4-42b9-b72d-e633c169fcaa","ros_timestamp":"1695917882.8025994","T_map_cam":"[[0.99021600,0.00000030,-0.13954309,0.06937637],[0.13954309,-0.00000023,0.99021600,-0.49230341],[0.00000027,-1.00000000,-0.00000027,0.99997541],[0.00000000,0.00000000,0.00000000,1.00000000]]","center_3d":"[1.29508543,2.31485415,1.12426233]","nearest_3d":"[0.00142884,0.72044343,0.66939104]","type":"wall-right"},"2":{"unique_id":"d830d2e3-1e42-4b16-ae66-1e75c781ebf1","ros_timestamp":"1695917882.8025994","T_map_cam":"[[0.99021600,0.00000030,-0.13954309,0.06937637],[0.13954309,-0.00000023,0.99021600,-0.49230341],[0.00000027,-1.00000000,-0.00000027,0.99997541],[0.00000000,0.00000000,0.00000000,1.00000000]]","center_3d":"[0.00142884,0.72044343,0.66939104]","nearest_3d":"[-1.35030270,1.92764676,1.11615884]","type":"obstacle"}}