{"0":{"unique_id":"a7a49ecd-e09c-4439-b4c3-0de7364acc21","ros_timestamp":"1695917880.1950426","T_map_cam":"[[0.99920011,0.00000028,-0.03998930,0.01988145],[0.03998930,-0.00000026,0.99920011,-0.49677002],[0.00000027,-1.00000000,-0.00000027,0.99997541],[0.00000000,0.00000000,0.00000000,1.00000000]]","center_3d":"[-1.35471606,2.09640884,1.13881469]","nearest_3d":"[-0.01434390,0.71741462,0.66102815]","type":"wall-left"},"1":{"unique_id":"e91ede5e-d3f4-42b9-b72d-e633c169fcaa","ros_timestamp":"1695917880.1950426","T_map_cam":"[[0.99920011,0.00000028,-0.03998930,0.01988145],[0.03998930,-0.00000026,0.99920011,-0.49677002],[0.00000027,-1.00000000,-0.00000027,0.99997541],[0.00000000,0.00000000,0.00000000,1.00000000]]","center_3d":"[1.29541838,2.25125813,1.10989583]","nearest_3d":"[-0.01434390,0.71741462,0.66102815]","type":"wall-right"},"2":{"unique_id":"d830d2e3-1e42-4b16-ae66-1e75c781ebf1","ros_timestamp":"1695917880.1950426","T_map_cam":"[[0.99920011,0.00000028,-0.03998930,0.01988145],[0.03998930,-0.00000026,0.99920011,-0.49677002],[0.00000027,-1.00000000,-0.00000027,0.99997541],[0.00000000,0.00000000,0.00000000,1.00000000]]","center_3d":"[-0.01434390,0.71741462,0.66102815]","nearest_3d":"[-1.35471606,2.09640884,1.13881469]","type":"obstacle"}}