{"0":{"unique_id":"a7a49ecd-e09c-4439-b4c3-0de7364acc21","ros_timestamp":"1695917882.9987886","T_map_cam":"[[0.98877108,0.00000031,-0.14943810,0.07429586],[0.14943810,-0.00000023,0.98877108,-0.49158504],[0.00000027,-1.00000000,-0.00000027,0.99997541],[0.00000000,0.00000000,0.00000000,1.00000000]]","center_3d":"[-1.34624267,1.93206811,1.11997867]","nearest_3d":"[-0.00004996,0.71992362,0.66814840]","type":"wall-left"},"1":{"unique_id":"e91ede5e-d3f4-42b9-b72d-e633c169fcaa","ros_timestamp":"1695917882.9987886","T_map_cam":"[[0.98877108,0.00000031,-0.14943810,0.07429586],[0.14943810,-0.00000023,0.98877108,-0.49158504],[0.00000027,-1.00000000,-0.00000027,0.99997541],[0.00000000,0.00000000,0.00000000,1.00000000]]","center_3d":"[1.29505217,2.31745076,1.12422943]","nearest_3d":"[-0.00004996,0.71992362,0.66814840]","type":"wall-right"},"2":{"unique_id":"d830d2e3-1e42-4b16-ae66-1e75c781ebf1","ros_timestamp":"1695917882.9987886","T_map_cam":"[[0.98877108,0.00000031,-0.14943810,0.07429586],[0.14943810,-0.00000023,0.98877108,-0.49158504],[0.00000027,-1.00000000,-0.00000027,0.99997541],[0.00000000,0.00000000,0.00000000,1.00000000]]","center_3d":"[-0.00004996,0.71992362,0.66814840]","nearest_3d":"[-1.34624267,1.93206811,1.11997867]","type":"obstacle"}}