{"0":{"unique_id":"a7a49ecd-e09c-4439-b4c3-0de7364acc21","ros_timestamp":"1695917883.088459","T_map_cam":"[[0.98877108,0.00000031,-0.14943810,0.07429586],[0.14943810,-0.00000023,0.98877108,-0.49158504],[0.00000027,-1.00000000,-0.00000027,0.99997541],[0.00000000,0.00000000,0.00000000,1.00000000]]","center_3d":"[-1.35398114,1.92632198,1.12399650]","nearest_3d":"[-0.00288324,0.71971047,0.66944051]","type":"wall-left"},"1":{"unique_id":"e91ede5e-d3f4-42b9-b72d-e633c169fcaa","ros_timestamp":"1695917883.088459","T_map_cam":"[[0.98877108,0.00000031,-0.14943810,0.07429586],[0.14943810,-0.00000023,0.98877108,-0.49158504],[0.00000027,-1.00000000,-0.00000027,0.99997541],[0.00000000,0.00000000,0.00000000,1.00000000]]","center_3d":"[1.29496336,2.32047367,1.12420714]","nearest_3d":"[-0.00288324,0.71971047,0.66944051]","type":"wall-right"},"2":{"unique_id":"d830d2e3-1e42-4b16-ae66-1e75c781ebf1","ros_timestamp":"1695917883.088459","T_map_cam":"[[0.98877108,0.00000031,-0.14943810,0.07429586],[0.14943810,-0.00000023,0.98877108,-0.49158504],[0.00000027,-1.00000000,-0.00000027,0.99997541],[0.00000000,0.00000000,0.00000000,1.00000000]]","center_3d":"[-0.00288324,0.71971047,0.66944051]","nearest_3d":"[-1.35398114,1.92632198,1.12399650]","type":"obstacle"}}