{"0":{"unique_id":"a7a49ecd-e09c-4439-b4c3-0de7364acc21","ros_timestamp":"1695917883.4065526","T_map_cam":"[[0.98722729,0.00000031,-0.15931818,0.07920791],[0.15931818,-0.00000022,0.98722729,-0.49081752],[0.00000027,-1.00000000,-0.00000027,0.99997541],[0.00000000,0.00000000,0.00000000,1.00000000]]","center_3d":"[-1.35542989,1.87429750,1.11863148]","nearest_3d":"[-0.00324751,0.71940017,0.66796291]","type":"wall-left"},"1":{"unique_id":"e91ede5e-d3f4-42b9-b72d-e633c169fcaa","ros_timestamp":"1695917883.4065526","T_map_cam":"[[0.98722729,0.00000031,-0.15931818,0.07920791],[0.15931818,-0.00000022,0.98722729,-0.49081752],[0.00000027,-1.00000000,-0.00000027,0.99997541],[0.00000000,0.00000000,0.00000000,1.00000000]]","center_3d":"[1.29497910,2.32339931,1.12736392]","nearest_3d":"[-0.00324751,0.71940017,0.66796291]","type":"wall-right"},"2":{"unique_id":"d830d2e3-1e42-4b16-ae66-1e75c781ebf1","ros_timestamp":"1695917883.4065526","T_map_cam":"[[0.98722729,0.00000031,-0.15931818,0.07920791],[0.15931818,-0.00000022,0.98722729,-0.49081752],[0.00000027,-1.00000000,-0.00000027,0.99997541],[0.00000000,0.00000000,0.00000000,1.00000000]]","center_3d":"[-0.00324751,0.71940017,0.66796291]","nearest_3d":"[-1.35542989,1.87429750,1.11863148]","type":"obstacle"}}