{"0":{"unique_id":"a7a49ecd-e09c-4439-b4c3-0de7364acc21","ros_timestamp":"1695917883.5170617","T_map_cam":"[[0.98558477,0.00000031,-0.16918232,0.08411204],[0.16918232,-0.00000022,0.98558477,-0.49000091],[0.00000027,-1.00000000,-0.00000027,0.99997541],[0.00000000,0.00000000,0.00000000,1.00000000]]","center_3d":"[-1.34991479,1.87319326,1.11863291]","nearest_3d":"[-0.00418341,0.71945006,0.66797030]","type":"wall-left"},"1":{"unique_id":"e91ede5e-d3f4-42b9-b72d-e633c169fcaa","ros_timestamp":"1695917883.5170617","T_map_cam":"[[0.98558477,0.00000031,-0.16918232,0.08411204],[0.16918232,-0.00000022,0.98558477,-0.49000091],[0.00000027,-1.00000000,-0.00000027,0.99997541],[0.00000000,0.00000000,0.00000000,1.00000000]]","center_3d":"[1.29542780,2.34853053,1.12868810]","nearest_3d":"[-0.00418341,0.71945006,0.66797030]","type":"wall-right"},"2":{"unique_id":"d830d2e3-1e42-4b16-ae66-1e75c781ebf1","ros_timestamp":"1695917883.5170617","T_map_cam":"[[0.98558477,0.00000031,-0.16918232,0.08411204],[0.16918232,-0.00000022,0.98558477,-0.49000091],[0.00000027,-1.00000000,-0.00000027,0.99997541],[0.00000000,0.00000000,0.00000000,1.00000000]]","center_3d":"[-0.00418341,0.71945006,0.66797030]","nearest_3d":"[-1.34991479,1.87319326,1.11863291]","type":"obstacle"}}