{"0":{"unique_id":"a7a49ecd-e09c-4439-b4c3-0de7364acc21","ros_timestamp":"1695917883.6012907","T_map_cam":"[[0.98558477,0.00000031,-0.16918232,0.08411204],[0.16918232,-0.00000022,0.98558477,-0.49000091],[0.00000027,-1.00000000,-0.00000027,0.99997541],[0.00000000,0.00000000,0.00000000,1.00000000]]","center_3d":"[-1.34737659,1.87290251,1.11863530]","nearest_3d":"[-0.00425005,0.71943283,0.66795456]","type":"wall-left"},"1":{"unique_id":"e91ede5e-d3f4-42b9-b72d-e633c169fcaa","ros_timestamp":"1695917883.6012907","T_map_cam":"[[0.98558477,0.00000031,-0.16918232,0.08411204],[0.16918232,-0.00000022,0.98558477,-0.49000091],[0.00000027,-1.00000000,-0.00000027,0.99997541],[0.00000000,0.00000000,0.00000000,1.00000000]]","center_3d":"[1.29540694,2.34853292,1.12866914]","nearest_3d":"[-0.00425005,0.71943283,0.66795456]","type":"wall-right"},"2":{"unique_id":"d830d2e3-1e42-4b16-ae66-1e75c781ebf1","ros_timestamp":"1695917883.6012907","T_map_cam":"[[0.98558477,0.00000031,-0.16918232,0.08411204],[0.16918232,-0.00000022,0.98558477,-0.49000091],[0.00000027,-1.00000000,-0.00000027,0.99997541],[0.00000000,0.00000000,0.00000000,1.00000000]]","center_3d":"[-0.00425005,0.71943283,0.66795456]","nearest_3d":"[-1.34737659,1.87290251,1.11863530]","type":"obstacle"}}