{"0":{"unique_id":"a7a49ecd-e09c-4439-b4c3-0de7364acc21","ros_timestamp":"1695917883.7747016","T_map_cam":"[[0.98384370,0.00000031,-0.17902954,0.08900777],[0.17902954,-0.00000022,0.98384370,-0.48913530],[0.00000027,-1.00000000,-0.00000027,0.99997541],[0.00000000,0.00000000,0.00000000,1.00000000]]","center_3d":"[-1.34930456,1.86627090,1.11888754]","nearest_3d":"[-0.00264379,0.71969497,0.66698450]","type":"wall-left"},"1":{"unique_id":"e91ede5e-d3f4-42b9-b72d-e633c169fcaa","ros_timestamp":"1695917883.7747016","T_map_cam":"[[0.98384370,0.00000031,-0.17902954,0.08900777],[0.17902954,-0.00000022,0.98384370,-0.48913530],[0.00000027,-1.00000000,-0.00000027,0.99997541],[0.00000000,0.00000000,0.00000000,1.00000000]]","center_3d":"[1.29437816,2.37070060,1.13266385]","nearest_3d":"[-0.00264379,0.71969497,0.66698450]","type":"wall-right"},"2":{"unique_id":"d830d2e3-1e42-4b16-ae66-1e75c781ebf1","ros_timestamp":"1695917883.7747016","T_map_cam":"[[0.98384370,0.00000031,-0.17902954,0.08900777],[0.17902954,-0.00000022,0.98384370,-0.48913530],[0.00000027,-1.00000000,-0.00000027,0.99997541],[0.00000000,0.00000000,0.00000000,1.00000000]]","center_3d":"[-0.00264379,0.71969497,0.66698450]","nearest_3d":"[-1.34930456,1.86627090,1.11888754]","type":"obstacle"}}