{"0":{"unique_id":"a7a49ecd-e09c-4439-b4c3-0de7364acc21","ros_timestamp":"1695917883.906909","T_map_cam":"[[0.98384370,0.00000031,-0.17902954,0.08900777],[0.17902954,-0.00000022,0.98384370,-0.48913530],[0.00000027,-1.00000000,-0.00000027,0.99997541],[0.00000000,0.00000000,0.00000000,1.00000000]]","center_3d":"[-1.35376918,1.85909724,1.11888766]","nearest_3d":"[-0.00444972,0.71951324,0.66687834]","type":"wall-left"},"1":{"unique_id":"e91ede5e-d3f4-42b9-b72d-e633c169fcaa","ros_timestamp":"1695917883.906909","T_map_cam":"[[0.98384370,0.00000031,-0.17902954,0.08900777],[0.17902954,-0.00000022,0.98384370,-0.48913530],[0.00000027,-1.00000000,-0.00000027,0.99997541],[0.00000000,0.00000000,0.00000000,1.00000000]]","center_3d":"[1.29420745,2.37038231,1.12982452]","nearest_3d":"[-0.00444972,0.71951324,0.66687834]","type":"wall-right"},"2":{"unique_id":"d830d2e3-1e42-4b16-ae66-1e75c781ebf1","ros_timestamp":"1695917883.906909","T_map_cam":"[[0.98384370,0.00000031,-0.17902954,0.08900777],[0.17902954,-0.00000022,0.98384370,-0.48913530],[0.00000027,-1.00000000,-0.00000027,0.99997541],[0.00000000,0.00000000,0.00000000,1.00000000]]","center_3d":"[-0.00444972,0.71951324,0.66687834]","nearest_3d":"[-1.35376918,1.85909724,1.11888766]","type":"obstacle"}}