{"0":{"unique_id":"a7a49ecd-e09c-4439-b4c3-0de7364acc21","ros_timestamp":"1695917884.2078667","T_map_cam":"[[0.98200424,0.00000031,-0.18885887,0.09389459],[0.18885887,-0.00000021,0.98200424,-0.48822078],[0.00000027,-1.00000000,-0.00000027,0.99997541],[0.00000000,0.00000000,0.00000000,1.00000000]]","center_3d":"[-1.35267115,1.80879736,1.11147976]","nearest_3d":"[-0.00655704,0.72019988,0.66923726]","type":"wall-left"},"1":{"unique_id":"e91ede5e-d3f4-42b9-b72d-e633c169fcaa","ros_timestamp":"1695917884.2078667","T_map_cam":"[[0.98200424,0.00000031,-0.18885887,0.09389459],[0.18885887,-0.00000021,0.98200424,-0.48822078],[0.00000027,-1.00000000,-0.00000027,0.99997541],[0.00000000,0.00000000,0.00000000,1.00000000]]","center_3d":"[1.29433763,2.37071157,1.13262808]","nearest_3d":"[-0.00655704,0.72019988,0.66923726]","type":"wall-right"},"2":{"unique_id":"d830d2e3-1e42-4b16-ae66-1e75c781ebf1","ros_timestamp":"1695917884.2078667","T_map_cam":"[[0.98200424,0.00000031,-0.18885887,0.09389459],[0.18885887,-0.00000021,0.98200424,-0.48822078],[0.00000027,-1.00000000,-0.00000027,0.99997541],[0.00000000,0.00000000,0.00000000,1.00000000]]","center_3d":"[-0.00655704,0.72019988,0.66923726]","nearest_3d":"[-1.35267115,1.80879736,1.11147976]","type":"obstacle"}}