{"0":{"unique_id":"a7a49ecd-e09c-4439-b4c3-0de7364acc21","ros_timestamp":"1695917884.4802678","T_map_cam":"[[0.98006658,0.00000032,-0.19866930,0.09877202],[0.19866930,-0.00000021,0.98006658,-0.48725744],[0.00000027,-1.00000000,-0.00000027,0.99997541],[0.00000000,0.00000000,0.00000000,1.00000000]]","center_3d":"[-1.35290444,1.80113077,1.11149681]","nearest_3d":"[-0.00289443,0.71867824,0.66580272]","type":"wall-left"},"1":{"unique_id":"e91ede5e-d3f4-42b9-b72d-e633c169fcaa","ros_timestamp":"1695917884.4802678","T_map_cam":"[[0.98006658,0.00000032,-0.19866930,0.09877202],[0.19866930,-0.00000021,0.98006658,-0.48725744],[0.00000027,-1.00000000,-0.00000027,0.99997541],[0.00000000,0.00000000,0.00000000,1.00000000]]","center_3d":"[1.29420745,2.37038231,1.12982452]","nearest_3d":"[-0.00289443,0.71867824,0.66580272]","type":"wall-right"},"2":{"unique_id":"d830d2e3-1e42-4b16-ae66-1e75c781ebf1","ros_timestamp":"1695917884.4802678","T_map_cam":"[[0.98006658,0.00000032,-0.19866930,0.09877202],[0.19866930,-0.00000021,0.98006658,-0.48725744],[0.00000027,-1.00000000,-0.00000027,0.99997541],[0.00000000,0.00000000,0.00000000,1.00000000]]","center_3d":"[-0.00289443,0.71867824,0.66580272]","nearest_3d":"[-1.35290444,1.80113077,1.11149681]","type":"obstacle"}}