{"0":{"unique_id":"a7a49ecd-e09c-4439-b4c3-0de7364acc21","ros_timestamp":"1695917884.8136094","T_map_cam":"[[0.97803092,0.00000032,-0.20845987,0.10363957],[0.20845987,-0.00000021,0.97803092,-0.48624538],[0.00000027,-1.00000000,-0.00000027,0.99997541],[0.00000000,0.00000000,0.00000000,1.00000000]]","center_3d":"[-1.35265052,1.79802215,1.11458182]","nearest_3d":"[0.00174790,0.71929634,0.66537732]","type":"wall-left"},"1":{"unique_id":"e91ede5e-d3f4-42b9-b72d-e633c169fcaa","ros_timestamp":"1695917884.8136094","T_map_cam":"[[0.97803092,0.00000032,-0.20845987,0.10363957],[0.20845987,-0.00000021,0.97803092,-0.48624538],[0.00000027,-1.00000000,-0.00000027,0.99997541],[0.00000000,0.00000000,0.00000000,1.00000000]]","center_3d":"[1.29433763,2.37071157,1.13262808]","nearest_3d":"[0.00174790,0.71929634,0.66537732]","type":"wall-right"},"2":{"unique_id":"d830d2e3-1e42-4b16-ae66-1e75c781ebf1","ros_timestamp":"1695917884.8136094","T_map_cam":"[[0.97803092,0.00000032,-0.20845987,0.10363957],[0.20845987,-0.00000021,0.97803092,-0.48624538],[0.00000027,-1.00000000,-0.00000027,0.99997541],[0.00000000,0.00000000,0.00000000,1.00000000]]","center_3d":"[0.00174790,0.71929634,0.66537732]","nearest_3d":"[-1.35265052,1.79802215,1.11458182]","type":"obstacle"}}