{"0":{"unique_id":"a7a49ecd-e09c-4439-b4c3-0de7364acc21","ros_timestamp":"1695917884.9048088","T_map_cam":"[[0.97589746,0.00000032,-0.21822959,0.10849676],[0.21822959,-0.00000020,0.97589746,-0.48518469],[0.00000027,-1.00000000,-0.00000027,0.99997541],[0.00000000,0.00000000,0.00000000,1.00000000]]","center_3d":"[-1.34827006,1.79990840,1.11458826]","nearest_3d":"[0.00223020,0.71969324,0.66546112]","type":"wall-left"},"1":{"unique_id":"e91ede5e-d3f4-42b9-b72d-e633c169fcaa","ros_timestamp":"1695917884.9048088","T_map_cam":"[[0.97589746,0.00000032,-0.21822959,0.10849676],[0.21822959,-0.00000020,0.97589746,-0.48518469],[0.00000027,-1.00000000,-0.00000027,0.99997541],[0.00000000,0.00000000,0.00000000,1.00000000]]","center_3d":"[1.29420745,2.37038231,1.12982452]","nearest_3d":"[0.00223020,0.71969324,0.66546112]","type":"wall-right"},"2":{"unique_id":"d830d2e3-1e42-4b16-ae66-1e75c781ebf1","ros_timestamp":"1695917884.9048088","T_map_cam":"[[0.97589746,0.00000032,-0.21822959,0.10849676],[0.21822959,-0.00000020,0.97589746,-0.48518469],[0.00000027,-1.00000000,-0.00000027,0.99997541],[0.00000000,0.00000000,0.00000000,1.00000000]]","center_3d":"[0.00223020,0.71969324,0.66546112]","nearest_3d":"[-1.34827006,1.79990840,1.11458826]","type":"obstacle"}}