{"0":{"unique_id":"a7a49ecd-e09c-4439-b4c3-0de7364acc21","ros_timestamp":"1695917880.3962398","T_map_cam":"[[0.99875026,0.00000028,-0.04997914,0.02484807],[0.04997914,-0.00000025,0.99875026,-0.49654637],[0.00000027,-1.00000000,-0.00000027,0.99997541],[0.00000000,0.00000000,0.00000000,1.00000000]]","center_3d":"[-1.35918427,2.07134771,1.12999809]","nearest_3d":"[-0.01461872,0.71878892,0.66398197]","type":"wall-left"},"1":{"unique_id":"e91ede5e-d3f4-42b9-b72d-e633c169fcaa","ros_timestamp":"1695917880.3962398","T_map_cam":"[[0.99875026,0.00000028,-0.04997914,0.02484807],[0.04997914,-0.00000025,0.99875026,-0.49654637],[0.00000027,-1.00000000,-0.00000027,0.99997541],[0.00000000,0.00000000,0.00000000,1.00000000]]","center_3d":"[1.29533648,2.24071693,1.10976911]","nearest_3d":"[-0.01461872,0.71878892,0.66398197]","type":"wall-right"},"2":{"unique_id":"d830d2e3-1e42-4b16-ae66-1e75c781ebf1","ros_timestamp":"1695917880.3962398","T_map_cam":"[[0.99875026,0.00000028,-0.04997914,0.02484807],[0.04997914,-0.00000025,0.99875026,-0.49654637],[0.00000027,-1.00000000,-0.00000027,0.99997541],[0.00000000,0.00000000,0.00000000,1.00000000]]","center_3d":"[-0.01461872,0.71878892,0.66398197]","nearest_3d":"[-1.35918427,2.07134771,1.12999809]","type":"obstacle"}}