{"0":{"unique_id":"a7a49ecd-e09c-4439-b4c3-0de7364acc21","ros_timestamp":"1695917885.0900002","T_map_cam":"[[0.97366640,0.00000032,-0.22797749,0.11334311],[0.22797749,-0.00000020,0.97366640,-0.48407548],[0.00000027,-1.00000000,-0.00000027,0.99997541],[0.00000000,0.00000000,0.00000000,1.00000000]]","center_3d":"[-1.34708059,1.81405795,1.11459398]","nearest_3d":"[0.00019406,0.72007048,0.66520464]","type":"wall-left"},"1":{"unique_id":"e91ede5e-d3f4-42b9-b72d-e633c169fcaa","ros_timestamp":"1695917885.0900002","T_map_cam":"[[0.97366640,0.00000032,-0.22797749,0.11334311],[0.22797749,-0.00000020,0.97366640,-0.48407548],[0.00000027,-1.00000000,-0.00000027,0.99997541],[0.00000000,0.00000000,0.00000000,1.00000000]]","center_3d":"[1.29433763,2.37071157,1.13262808]","nearest_3d":"[0.00019406,0.72007048,0.66520464]","type":"wall-right"},"2":{"unique_id":"d830d2e3-1e42-4b16-ae66-1e75c781ebf1","ros_timestamp":"1695917885.0900002","T_map_cam":"[[0.97366640,0.00000032,-0.22797749,0.11334311],[0.22797749,-0.00000020,0.97366640,-0.48407548],[0.00000027,-1.00000000,-0.00000027,0.99997541],[0.00000000,0.00000000,0.00000000,1.00000000]]","center_3d":"[0.00019406,0.72007048,0.66520464]","nearest_3d":"[-1.34708059,1.81405795,1.11459398]","type":"obstacle"}}