{"0":{"unique_id":"a7a49ecd-e09c-4439-b4c3-0de7364acc21","ros_timestamp":"1695917885.3886325","T_map_cam":"[[0.97133798,0.00000032,-0.23770260,0.11817811],[0.23770260,-0.00000020,0.97133798,-0.48291786],[0.00000027,-1.00000000,-0.00000027,0.99997541],[0.00000000,0.00000000,0.00000000,1.00000000]]","center_3d":"[-1.34646201,1.79097605,1.11213458]","nearest_3d":"[0.00361054,0.71845597,0.66380703]","type":"wall-left"},"1":{"unique_id":"e91ede5e-d3f4-42b9-b72d-e633c169fcaa","ros_timestamp":"1695917885.3886325","T_map_cam":"[[0.97133798,0.00000032,-0.23770260,0.11817811],[0.23770260,-0.00000020,0.97133798,-0.48291786],[0.00000027,-1.00000000,-0.00000027,0.99997541],[0.00000000,0.00000000,0.00000000,1.00000000]]","center_3d":"[1.29448712,2.37012458,1.16701710]","nearest_3d":"[0.00361054,0.71845597,0.66380703]","type":"wall-right"},"2":{"unique_id":"d830d2e3-1e42-4b16-ae66-1e75c781ebf1","ros_timestamp":"1695917885.3886325","T_map_cam":"[[0.97133798,0.00000032,-0.23770260,0.11817811],[0.23770260,-0.00000020,0.97133798,-0.48291786],[0.00000027,-1.00000000,-0.00000027,0.99997541],[0.00000000,0.00000000,0.00000000,1.00000000]]","center_3d":"[0.00361054,0.71845597,0.66380703]","nearest_3d":"[-1.34646201,1.79097605,1.11213458]","type":"obstacle"}}