{"0":{"unique_id":"a7a49ecd-e09c-4439-b4c3-0de7364acc21","ros_timestamp":"1695917885.470018","T_map_cam":"[[0.97133798,0.00000032,-0.23770260,0.11817811],[0.23770260,-0.00000020,0.97133798,-0.48291786],[0.00000027,-1.00000000,-0.00000027,0.99997541],[0.00000000,0.00000000,0.00000000,1.00000000]]","center_3d":"[-1.35294247,1.78877532,1.11156106]","nearest_3d":"[0.00494455,0.71861488,0.66404116]","type":"wall-left"},"1":{"unique_id":"e91ede5e-d3f4-42b9-b72d-e633c169fcaa","ros_timestamp":"1695917885.470018","T_map_cam":"[[0.97133798,0.00000032,-0.23770260,0.11817811],[0.23770260,-0.00000020,0.97133798,-0.48291786],[0.00000027,-1.00000000,-0.00000027,0.99997541],[0.00000000,0.00000000,0.00000000,1.00000000]]","center_3d":"[1.29433763,2.37071157,1.13262808]","nearest_3d":"[0.00494455,0.71861488,0.66404116]","type":"wall-right"},"2":{"unique_id":"d830d2e3-1e42-4b16-ae66-1e75c781ebf1","ros_timestamp":"1695917885.470018","T_map_cam":"[[0.97133798,0.00000032,-0.23770260,0.11817811],[0.23770260,-0.00000020,0.97133798,-0.48291786],[0.00000027,-1.00000000,-0.00000027,0.99997541],[0.00000000,0.00000000,0.00000000,1.00000000]]","center_3d":"[0.00494455,0.71861488,0.66404116]","nearest_3d":"[-1.35294247,1.78877532,1.11156106]","type":"obstacle"}}