{"0":{"unique_id":"a7a49ecd-e09c-4439-b4c3-0de7364acc21","ros_timestamp":"1695917885.7240243","T_map_cam":"[[0.96891243,0.00000033,-0.24740393,0.12300130],[0.24740393,-0.00000019,0.96891243,-0.48171196],[0.00000027,-1.00000000,-0.00000027,0.99997541],[0.00000000,0.00000000,0.00000000,1.00000000]]","center_3d":"[-1.35364854,1.78235734,1.11745226]","nearest_3d":"[0.00317099,0.71875012,0.66454881]","type":"wall-left"},"1":{"unique_id":"e91ede5e-d3f4-42b9-b72d-e633c169fcaa","ros_timestamp":"1695917885.7240243","T_map_cam":"[[0.96891243,0.00000033,-0.24740393,0.12300130],[0.24740393,-0.00000019,0.96891243,-0.48171196],[0.00000027,-1.00000000,-0.00000027,0.99997541],[0.00000000,0.00000000,0.00000000,1.00000000]]","center_3d":"[1.29433763,2.37071157,1.13262808]","nearest_3d":"[0.00317099,0.71875012,0.66454881]","type":"wall-right"},"2":{"unique_id":"d830d2e3-1e42-4b16-ae66-1e75c781ebf1","ros_timestamp":"1695917885.7240243","T_map_cam":"[[0.96891243,0.00000033,-0.24740393,0.12300130],[0.24740393,-0.00000019,0.96891243,-0.48171196],[0.00000027,-1.00000000,-0.00000027,0.99997541],[0.00000000,0.00000000,0.00000000,1.00000000]]","center_3d":"[0.00317099,0.71875012,0.66454881]","nearest_3d":"[-1.35364854,1.78235734,1.11745226]","type":"obstacle"}}