{"0":{"unique_id":"a7a49ecd-e09c-4439-b4c3-0de7364acc21","ros_timestamp":"1695917885.9033625","T_map_cam":"[[0.96638999,0.00000033,-0.25708052,0.12781219],[0.25708052,-0.00000019,0.96638999,-0.48045788],[0.00000027,-1.00000000,-0.00000027,0.99997541],[0.00000000,0.00000000,0.00000000,1.00000000]]","center_3d":"[-1.35010409,1.78117585,1.11746657]","nearest_3d":"[0.00462373,0.71884471,0.66911596]","type":"wall-left"},"1":{"unique_id":"e91ede5e-d3f4-42b9-b72d-e633c169fcaa","ros_timestamp":"1695917885.9033625","T_map_cam":"[[0.96638999,0.00000033,-0.25708052,0.12781219],[0.25708052,-0.00000019,0.96638999,-0.48045788],[0.00000027,-1.00000000,-0.00000027,0.99997541],[0.00000000,0.00000000,0.00000000,1.00000000]]","center_3d":"[1.29433763,2.37071157,1.13262808]","nearest_3d":"[0.00462373,0.71884471,0.66911596]","type":"wall-right"},"2":{"unique_id":"d830d2e3-1e42-4b16-ae66-1e75c781ebf1","ros_timestamp":"1695917885.9033625","T_map_cam":"[[0.96638999,0.00000033,-0.25708052,0.12781219],[0.25708052,-0.00000019,0.96638999,-0.48045788],[0.00000027,-1.00000000,-0.00000027,0.99997541],[0.00000000,0.00000000,0.00000000,1.00000000]]","center_3d":"[0.00462373,0.71884471,0.66911596]","nearest_3d":"[-1.35010409,1.78117585,1.11746657]","type":"obstacle"}}