{"0":{"unique_id":"a7a49ecd-e09c-4439-b4c3-0de7364acc21","ros_timestamp":"1695917880.4745","T_map_cam":"[[0.99875026,0.00000028,-0.04997914,0.02484807],[0.04997914,-0.00000025,0.99875026,-0.49654637],[0.00000027,-1.00000000,-0.00000027,0.99997541],[0.00000000,0.00000000,0.00000000,1.00000000]]","center_3d":"[-1.35289872,2.07772279,1.13010406]","nearest_3d":"[-0.01525462,0.71909386,0.66429323]","type":"wall-left"},"1":{"unique_id":"e91ede5e-d3f4-42b9-b72d-e633c169fcaa","ros_timestamp":"1695917880.4745","T_map_cam":"[[0.99875026,0.00000028,-0.04997914,0.02484807],[0.04997914,-0.00000025,0.99875026,-0.49654637],[0.00000027,-1.00000000,-0.00000027,0.99997541],[0.00000000,0.00000000,0.00000000,1.00000000]]","center_3d":"[1.29530966,2.24089837,1.09936094]","nearest_3d":"[-0.01525462,0.71909386,0.66429323]","type":"wall-right"},"2":{"unique_id":"d830d2e3-1e42-4b16-ae66-1e75c781ebf1","ros_timestamp":"1695917880.4745","T_map_cam":"[[0.99875026,0.00000028,-0.04997914,0.02484807],[0.04997914,-0.00000025,0.99875026,-0.49654637],[0.00000027,-1.00000000,-0.00000027,0.99997541],[0.00000000,0.00000000,0.00000000,1.00000000]]","center_3d":"[-0.01525462,0.71909386,0.66429323]","nearest_3d":"[-1.35289872,2.07772279,1.13010406]","type":"obstacle"}}