{"0":{"unique_id":"a7a49ecd-e09c-4439-b4c3-0de7364acc21","ros_timestamp":"1695917940.7767153","T_map_cam":"[[-0.79511892,-0.00000005,-0.60645355,0.30150907],[0.60645355,0.00000038,-0.79511892,0.39530749],[0.00000027,-1.00000000,-0.00000027,0.99997541],[0.00000000,0.00000000,0.00000000,1.00000000]]","center_3d":"[-1.31958616,-0.51782238,1.07718658]","nearest_3d":"[-0.01139078,0.73672003,0.67360735]","type":"wall-left"},"1":{"unique_id":"e91ede5e-d3f4-42b9-b72d-e633c169fcaa","ros_timestamp":"1695917940.7767153","T_map_cam":"[[-0.79511892,-0.00000005,-0.60645355,0.30150907],[0.60645355,0.00000038,-0.79511892,0.39530749],[0.00000027,-1.00000000,-0.00000027,0.99997541],[0.00000000,0.00000000,0.00000000,1.00000000]]","center_3d":"[1.29448712,2.37012458,1.16701710]","nearest_3d":"[-0.03940178,2.92728591,1.26283419]","type":"wall-right"},"2":{"unique_id":"a506ee67-e442-415f-963e-89d309080b44","ros_timestamp":"1695917940.7767153","T_map_cam":"[[-0.79511892,-0.00000005,-0.60645355,0.30150907],[0.60645355,0.00000038,-0.79511892,0.39530749],[0.00000027,-1.00000000,-0.00000027,0.99997541],[0.00000000,0.00000000,0.00000000,1.00000000]]","center_3d":"[-0.03940178,2.92728591,1.26283419]","nearest_3d":"[1.29448712,2.37012458,1.16701710]","type":"wall-front"},"3":{"unique_id":"d830d2e3-1e42-4b16-ae66-1e75c781ebf1","ros_timestamp":"1695917940.7767153","T_map_cam":"[[-0.79511892,-0.00000005,-0.60645355,0.30150907],[0.60645355,0.00000038,-0.79511892,0.39530749],[0.00000027,-1.00000000,-0.00000027,0.99997541],[0.00000000,0.00000000,0.00000000,1.00000000]]","center_3d":"[-0.50693041,-2.93121552,1.13400090]","nearest_3d":"[-1.31958616,-0.51782238,1.07718658]","type":"obstacle"},"4":{"unique_id":"318a280f-6f87-4ec7-9387-e07efba41fa8","ros_timestamp":"1695917940.7767153","T_map_cam":"[[-0.79511892,-0.00000005,-0.60645355,0.30150907],[0.60645355,0.00000038,-0.79511892,0.39530749],[0.00000027,-1.00000000,-0.00000027,0.99997541],[0.00000000,0.00000000,0.00000000,1.00000000]]","center_3d":"[-0.01139078,0.73672003,0.67360735]","nearest_3d":"[-1.31958616,-0.51782238,1.07718658]","type":"obstacle"}}