{"0":{"unique_id":"a7a49ecd-e09c-4439-b4c3-0de7364acc21","ros_timestamp":"1695917886.0967007","T_map_cam":"[[0.96377090,0.00000033,-0.26673141,0.13261030],[0.26673141,-0.00000019,0.96377090,-0.47915575],[0.00000027,-1.00000000,-0.00000027,0.99997541],[0.00000000,0.00000000,0.00000000,1.00000000]]","center_3d":"[-1.34752285,1.75305390,1.04837322]","nearest_3d":"[0.00625260,0.71842062,0.66972840]","type":"wall-left"},"1":{"unique_id":"e91ede5e-d3f4-42b9-b72d-e633c169fcaa","ros_timestamp":"1695917886.0967007","T_map_cam":"[[0.96377090,0.00000033,-0.26673141,0.13261030],[0.26673141,-0.00000019,0.96377090,-0.47915575],[0.00000027,-1.00000000,-0.00000027,0.99997541],[0.00000000,0.00000000,0.00000000,1.00000000]]","center_3d":"[1.29420745,2.37038231,1.12982452]","nearest_3d":"[0.00625260,0.71842062,0.66972840]","type":"wall-right"},"2":{"unique_id":"d830d2e3-1e42-4b16-ae66-1e75c781ebf1","ros_timestamp":"1695917886.0967007","T_map_cam":"[[0.96377090,0.00000033,-0.26673141,0.13261030],[0.26673141,-0.00000019,0.96377090,-0.47915575],[0.00000027,-1.00000000,-0.00000027,0.99997541],[0.00000000,0.00000000,0.00000000,1.00000000]]","center_3d":"[0.00625260,0.71842062,0.66972840]","nearest_3d":"[-1.34752285,1.75305390,1.04837322]","type":"obstacle"}}