{"0":{"unique_id":"a7a49ecd-e09c-4439-b4c3-0de7364acc21","ros_timestamp":"1695917886.4169261","T_map_cam":"[[0.96105545,0.00000033,-0.27635562,0.13739515],[0.27635562,-0.00000018,0.96105545,-0.47780572],[0.00000027,-1.00000000,-0.00000027,0.99997541],[0.00000000,0.00000000,0.00000000,1.00000000]]","center_3d":"[-1.34601271,1.73432112,1.11196709]","nearest_3d":"[0.00417754,0.71880174,0.66991305]","type":"wall-left"},"1":{"unique_id":"e91ede5e-d3f4-42b9-b72d-e633c169fcaa","ros_timestamp":"1695917886.4169261","T_map_cam":"[[0.96105545,0.00000033,-0.27635562,0.13739515],[0.27635562,-0.00000018,0.96105545,-0.47780572],[0.00000027,-1.00000000,-0.00000027,0.99997541],[0.00000000,0.00000000,0.00000000,1.00000000]]","center_3d":"[1.29433763,2.37071157,1.13262808]","nearest_3d":"[0.00417754,0.71880174,0.66991305]","type":"wall-right"},"2":{"unique_id":"d830d2e3-1e42-4b16-ae66-1e75c781ebf1","ros_timestamp":"1695917886.4169261","T_map_cam":"[[0.96105545,0.00000033,-0.27635562,0.13739515],[0.27635562,-0.00000018,0.96105545,-0.47780572],[0.00000027,-1.00000000,-0.00000027,0.99997541],[0.00000000,0.00000000,0.00000000,1.00000000]]","center_3d":"[0.00417754,0.71880174,0.66991305]","nearest_3d":"[-1.34601271,1.73432112,1.11196709]","type":"obstacle"}}