{"0":{"unique_id":"a7a49ecd-e09c-4439-b4c3-0de7364acc21","ros_timestamp":"1695917948.2990708","T_map_cam":"[[-0.94552505,-0.00000017,-0.32554936,0.16185257],[0.32554936,0.00000034,-0.94552505,0.47008454],[0.00000027,-1.00000000,-0.00000027,0.99997541],[0.00000000,0.00000000,0.00000000,1.00000000]]","center_3d":"[-1.31925750,-0.52082086,1.07848728]","nearest_3d":"[-0.01139078,0.73672003,0.67360735]","type":"wall-left"},"1":{"unique_id":"e91ede5e-d3f4-42b9-b72d-e633c169fcaa","ros_timestamp":"1695917948.2990708","T_map_cam":"[[-0.94552505,-0.00000017,-0.32554936,0.16185257],[0.32554936,0.00000034,-0.94552505,0.47008454],[0.00000027,-1.00000000,-0.00000027,0.99997541],[0.00000000,0.00000000,0.00000000,1.00000000]]","center_3d":"[1.29448712,2.37012458,1.16701710]","nearest_3d":"[-0.03940178,2.92728591,1.26283419]","type":"wall-right"},"2":{"unique_id":"a506ee67-e442-415f-963e-89d309080b44","ros_timestamp":"1695917948.2990708","T_map_cam":"[[-0.94552505,-0.00000017,-0.32554936,0.16185257],[0.32554936,0.00000034,-0.94552505,0.47008454],[0.00000027,-1.00000000,-0.00000027,0.99997541],[0.00000000,0.00000000,0.00000000,1.00000000]]","center_3d":"[-0.03940178,2.92728591,1.26283419]","nearest_3d":"[1.29448712,2.37012458,1.16701710]","type":"wall-front"},"3":{"unique_id":"e4e770ed-53e8-486f-a1c3-655d2d6e1c87","ros_timestamp":"1695917948.2990708","T_map_cam":"[[-0.94552505,-0.00000017,-0.32554936,0.16185257],[0.32554936,0.00000034,-0.94552505,0.47008454],[0.00000027,-1.00000000,-0.00000027,0.99997541],[0.00000000,0.00000000,0.00000000,1.00000000]]","center_3d":"[-0.01751209,-2.92515993,1.26200604]","nearest_3d":"[0.30051678,-1.61774826,0.52990240]","type":"wall-back"},"4":{"unique_id":"d830d2e3-1e42-4b16-ae66-1e75c781ebf1","ros_timestamp":"1695917948.2990708","T_map_cam":"[[-0.94552505,-0.00000017,-0.32554936,0.16185257],[0.32554936,0.00000034,-0.94552505,0.47008454],[0.00000027,-1.00000000,-0.00000027,0.99997541],[0.00000000,0.00000000,0.00000000,1.00000000]]","center_3d":"[0.35025010,-1.62747192,0.49912786]","nearest_3d":"[0.30051678,-1.61774826,0.52990240]","type":"obstacle"},"5":{"unique_id":"318a280f-6f87-4ec7-9387-e07efba41fa8","ros_timestamp":"1695917948.2990708","T_map_cam":"[[-0.94552505,-0.00000017,-0.32554936,0.16185257],[0.32554936,0.00000034,-0.94552505,0.47008454],[0.00000027,-1.00000000,-0.00000027,0.99997541],[0.00000000,0.00000000,0.00000000,1.00000000]]","center_3d":"[-0.01139078,0.73672003,0.67360735]","nearest_3d":"[-1.31925750,-0.52082086,1.07848728]","type":"obstacle"},"6":{"unique_id":"7f227009-9a21-46a9-aebf-0fbf3112f3d1","ros_timestamp":"1695917948.2990708","T_map_cam":"[[-0.94552505,-0.00000017,-0.32554936,0.16185257],[0.32554936,0.00000034,-0.94552505,0.47008454],[0.00000027,-1.00000000,-0.00000027,0.99997541],[0.00000000,0.00000000,0.00000000,1.00000000]]","center_3d":"[0.30051678,-1.61774826,0.52990240]","nearest_3d":"[0.35025010,-1.62747192,0.49912786]","type":"obstacle"}}