{"0":{"unique_id":"a7a49ecd-e09c-4439-b4c3-0de7364acc21","ros_timestamp":"1695917880.602272","T_map_cam":"[[0.99820054,0.00000028,-0.05996398,0.02981221],[0.05996398,-0.00000025,0.99820054,-0.49627307],[0.00000027,-1.00000000,-0.00000027,0.99997541],[0.00000000,0.00000000,0.00000000,1.00000000]]","center_3d":"[-1.34998989,2.08127952,1.13015234]","nearest_3d":"[-0.01555067,0.71918029,0.66438180]","type":"wall-left"},"1":{"unique_id":"e91ede5e-d3f4-42b9-b72d-e633c169fcaa","ros_timestamp":"1695917880.602272","T_map_cam":"[[0.99820054,0.00000028,-0.05996398,0.02981221],[0.05996398,-0.00000025,0.99820054,-0.49627307],[0.00000027,-1.00000000,-0.00000027,0.99997541],[0.00000000,0.00000000,0.00000000,1.00000000]]","center_3d":"[1.29534674,2.24002743,1.10273015]","nearest_3d":"[-0.01555067,0.71918029,0.66438180]","type":"wall-right"},"2":{"unique_id":"d830d2e3-1e42-4b16-ae66-1e75c781ebf1","ros_timestamp":"1695917880.602272","T_map_cam":"[[0.99820054,0.00000028,-0.05996398,0.02981221],[0.05996398,-0.00000025,0.99820054,-0.49627307],[0.00000027,-1.00000000,-0.00000027,0.99997541],[0.00000000,0.00000000,0.00000000,1.00000000]]","center_3d":"[-0.01555067,0.71918029,0.66438180]","nearest_3d":"[-1.34998989,2.08127952,1.13015234]","type":"obstacle"}}