{"0":{"unique_id":"a7a49ecd-e09c-4439-b4c3-0de7364acc21","ros_timestamp":"1695917886.9800394","T_map_cam":"[[0.95533650,0.00000034,-0.29552018,0.14692315],[0.29552018,-0.00000018,0.95533650,-0.47496244],[0.00000027,-1.00000000,-0.00000027,0.99997541],[0.00000000,0.00000000,0.00000000,1.00000000]]","center_3d":"[-1.35179079,1.71962774,1.11201811]","nearest_3d":"[0.00202118,0.71761310,0.66628242]","type":"wall-left"},"1":{"unique_id":"e91ede5e-d3f4-42b9-b72d-e633c169fcaa","ros_timestamp":"1695917886.9800394","T_map_cam":"[[0.95533650,0.00000034,-0.29552018,0.14692315],[0.29552018,-0.00000018,0.95533650,-0.47496244],[0.00000027,-1.00000000,-0.00000027,0.99997541],[0.00000000,0.00000000,0.00000000,1.00000000]]","center_3d":"[1.29420745,2.37038231,1.12982452]","nearest_3d":"[0.00202118,0.71761310,0.66628242]","type":"wall-right"},"2":{"unique_id":"d830d2e3-1e42-4b16-ae66-1e75c781ebf1","ros_timestamp":"1695917886.9800394","T_map_cam":"[[0.95533650,0.00000034,-0.29552018,0.14692315],[0.29552018,-0.00000018,0.95533650,-0.47496244],[0.00000027,-1.00000000,-0.00000027,0.99997541],[0.00000000,0.00000000,0.00000000,1.00000000]]","center_3d":"[0.00202118,0.71761310,0.66628242]","nearest_3d":"[-1.35179079,1.71962774,1.11201811]","type":"obstacle"}}