{"0":{"unique_id":"a7a49ecd-e09c-4439-b4c3-0de7364acc21","ros_timestamp":"1695917887.1080992","T_map_cam":"[[0.95233358,0.00000034,-0.30505861,0.15166535],[0.30505861,-0.00000017,0.95233358,-0.47346948],[0.00000027,-1.00000000,-0.00000027,0.99997541],[0.00000000,0.00000000,0.00000000,1.00000000]]","center_3d":"[-1.34752214,1.71716666,1.11200547]","nearest_3d":"[0.00175884,0.71755993,0.66540146]","type":"wall-left"},"1":{"unique_id":"e91ede5e-d3f4-42b9-b72d-e633c169fcaa","ros_timestamp":"1695917887.1080992","T_map_cam":"[[0.95233358,0.00000034,-0.30505861,0.15166535],[0.30505861,-0.00000017,0.95233358,-0.47346948],[0.00000027,-1.00000000,-0.00000027,0.99997541],[0.00000000,0.00000000,0.00000000,1.00000000]]","center_3d":"[1.29420745,2.37038231,1.12982452]","nearest_3d":"[0.00175884,0.71755993,0.66540146]","type":"wall-right"},"2":{"unique_id":"d830d2e3-1e42-4b16-ae66-1e75c781ebf1","ros_timestamp":"1695917887.1080992","T_map_cam":"[[0.95233358,0.00000034,-0.30505861,0.15166535],[0.30505861,-0.00000017,0.95233358,-0.47346948],[0.00000027,-1.00000000,-0.00000027,0.99997541],[0.00000000,0.00000000,0.00000000,1.00000000]]","center_3d":"[0.00175884,0.71755993,0.66540146]","nearest_3d":"[-1.34752214,1.71716666,1.11200547]","type":"obstacle"}}