{"0":{"unique_id":"a7a49ecd-e09c-4439-b4c3-0de7364acc21","ros_timestamp":"1695917887.4025092","T_map_cam":"[[0.94923543,0.00000034,-0.31456653,0.15639238],[0.31456653,-0.00000017,0.94923543,-0.47192918],[0.00000027,-1.00000000,-0.00000027,0.99997541],[0.00000000,0.00000000,0.00000000,1.00000000]]","center_3d":"[-1.34521568,1.68260598,1.10679400]","nearest_3d":"[0.00509212,0.71804017,0.66670072]","type":"wall-left"},"1":{"unique_id":"e91ede5e-d3f4-42b9-b72d-e633c169fcaa","ros_timestamp":"1695917887.4025092","T_map_cam":"[[0.94923543,0.00000034,-0.31456653,0.15639238],[0.31456653,-0.00000017,0.94923543,-0.47192918],[0.00000027,-1.00000000,-0.00000027,0.99997541],[0.00000000,0.00000000,0.00000000,1.00000000]]","center_3d":"[1.29433763,2.37071157,1.13262808]","nearest_3d":"[0.00509212,0.71804017,0.66670072]","type":"wall-right"},"2":{"unique_id":"d830d2e3-1e42-4b16-ae66-1e75c781ebf1","ros_timestamp":"1695917887.4025092","T_map_cam":"[[0.94923543,0.00000034,-0.31456653,0.15639238],[0.31456653,-0.00000017,0.94923543,-0.47192918],[0.00000027,-1.00000000,-0.00000027,0.99997541],[0.00000000,0.00000000,0.00000000,1.00000000]]","center_3d":"[0.00509212,0.71804017,0.66670072]","nearest_3d":"[-1.34521568,1.68260598,1.10679400]","type":"obstacle"}}