{"0":{"unique_id":"a7a49ecd-e09c-4439-b4c3-0de7364acc21","ros_timestamp":"1695917887.6917598","T_map_cam":"[[0.94604235,0.00000034,-0.32404300,0.16110377],[0.32404300,-0.00000017,0.94604235,-0.47034169],[0.00000027,-1.00000000,-0.00000027,0.99997541],[0.00000000,0.00000000,0.00000000,1.00000000]]","center_3d":"[-1.34529185,1.68999958,1.10942125]","nearest_3d":"[0.00272402,0.71893406,0.66914457]","type":"wall-left"},"1":{"unique_id":"e91ede5e-d3f4-42b9-b72d-e633c169fcaa","ros_timestamp":"1695917887.6917598","T_map_cam":"[[0.94604235,0.00000034,-0.32404300,0.16110377],[0.32404300,-0.00000017,0.94604235,-0.47034169],[0.00000027,-1.00000000,-0.00000027,0.99997541],[0.00000000,0.00000000,0.00000000,1.00000000]]","center_3d":"[1.29433763,2.37071157,1.13262808]","nearest_3d":"[0.00272402,0.71893406,0.66914457]","type":"wall-right"},"2":{"unique_id":"d830d2e3-1e42-4b16-ae66-1e75c781ebf1","ros_timestamp":"1695917887.6917598","T_map_cam":"[[0.94604235,0.00000034,-0.32404300,0.16110377],[0.32404300,-0.00000017,0.94604235,-0.47034169],[0.00000027,-1.00000000,-0.00000027,0.99997541],[0.00000000,0.00000000,0.00000000,1.00000000]]","center_3d":"[0.00272402,0.71893406,0.66914457]","nearest_3d":"[-1.34529185,1.68999958,1.10942125]","type":"obstacle"}}