{"0":{"unique_id":"a7a49ecd-e09c-4439-b4c3-0de7364acc21","ros_timestamp":"1695917887.7800214","T_map_cam":"[[0.94604235,0.00000034,-0.32404300,0.16110377],[0.32404300,-0.00000017,0.94604235,-0.47034169],[0.00000027,-1.00000000,-0.00000027,0.99997541],[0.00000000,0.00000000,0.00000000,1.00000000]]","center_3d":"[-1.35101295,1.68895245,1.10941851]","nearest_3d":"[0.00362495,0.71761173,0.66480500]","type":"wall-left"},"1":{"unique_id":"e91ede5e-d3f4-42b9-b72d-e633c169fcaa","ros_timestamp":"1695917887.7800214","T_map_cam":"[[0.94604235,0.00000034,-0.32404300,0.16110377],[0.32404300,-0.00000017,0.94604235,-0.47034169],[0.00000027,-1.00000000,-0.00000027,0.99997541],[0.00000000,0.00000000,0.00000000,1.00000000]]","center_3d":"[1.29448712,2.37012458,1.16701710]","nearest_3d":"[0.00362495,0.71761173,0.66480500]","type":"wall-right"},"2":{"unique_id":"d830d2e3-1e42-4b16-ae66-1e75c781ebf1","ros_timestamp":"1695917887.7800214","T_map_cam":"[[0.94604235,0.00000034,-0.32404300,0.16110377],[0.32404300,-0.00000017,0.94604235,-0.47034169],[0.00000027,-1.00000000,-0.00000027,0.99997541],[0.00000000,0.00000000,0.00000000,1.00000000]]","center_3d":"[0.00362495,0.71761173,0.66480500]","nearest_3d":"[-1.35101295,1.68895245,1.10941851]","type":"obstacle"}}