{"0":{"unique_id":"a7a49ecd-e09c-4439-b4c3-0de7364acc21","ros_timestamp":"1695917887.9061472","T_map_cam":"[[0.94275468,0.00000034,-0.33348706,0.16579905],[0.33348706,-0.00000016,0.94275468,-0.46870716],[0.00000027,-1.00000000,-0.00000027,0.99997541],[0.00000000,0.00000000,0.00000000,1.00000000]]","center_3d":"[-1.34748292,1.68642378,1.10942721]","nearest_3d":"[0.00420792,0.71731061,0.66531712]","type":"wall-left"},"1":{"unique_id":"e91ede5e-d3f4-42b9-b72d-e633c169fcaa","ros_timestamp":"1695917887.9061472","T_map_cam":"[[0.94275468,0.00000034,-0.33348706,0.16579905],[0.33348706,-0.00000016,0.94275468,-0.46870716],[0.00000027,-1.00000000,-0.00000027,0.99997541],[0.00000000,0.00000000,0.00000000,1.00000000]]","center_3d":"[1.29433763,2.37071157,1.13262808]","nearest_3d":"[0.00420792,0.71731061,0.66531712]","type":"wall-right"},"2":{"unique_id":"d830d2e3-1e42-4b16-ae66-1e75c781ebf1","ros_timestamp":"1695917887.9061472","T_map_cam":"[[0.94275468,0.00000034,-0.33348706,0.16579905],[0.33348706,-0.00000016,0.94275468,-0.46870716],[0.00000027,-1.00000000,-0.00000027,0.99997541],[0.00000000,0.00000000,0.00000000,1.00000000]]","center_3d":"[0.00420792,0.71731061,0.66531712]","nearest_3d":"[-1.34748292,1.68642378,1.10942721]","type":"obstacle"}}