{"0":{"unique_id":"a7a49ecd-e09c-4439-b4c3-0de7364acc21","ros_timestamp":"1695917888.0801415","T_map_cam":"[[0.93937272,0.00000034,-0.34289778,0.17047776],[0.34289778,-0.00000016,0.93937272,-0.46702576],[0.00000027,-1.00000000,-0.00000027,0.99997541],[0.00000000,0.00000000,0.00000000,1.00000000]]","center_3d":"[-1.34698367,1.68533504,1.11186695]","nearest_3d":"[0.00031695,0.71757627,0.66692537]","type":"wall-left"},"1":{"unique_id":"e91ede5e-d3f4-42b9-b72d-e633c169fcaa","ros_timestamp":"1695917888.0801415","T_map_cam":"[[0.93937272,0.00000034,-0.34289778,0.17047776],[0.34289778,-0.00000016,0.93937272,-0.46702576],[0.00000027,-1.00000000,-0.00000027,0.99997541],[0.00000000,0.00000000,0.00000000,1.00000000]]","center_3d":"[1.29433763,2.37071157,1.13262808]","nearest_3d":"[0.79541367,2.93480635,1.20006406]","type":"wall-right"},"2":{"unique_id":"d830d2e3-1e42-4b16-ae66-1e75c781ebf1","ros_timestamp":"1695917888.0801415","T_map_cam":"[[0.93937272,0.00000034,-0.34289778,0.17047776],[0.34289778,-0.00000016,0.93937272,-0.46702576],[0.00000027,-1.00000000,-0.00000027,0.99997541],[0.00000000,0.00000000,0.00000000,1.00000000]]","center_3d":"[0.79541367,2.93480635,1.20006406]","nearest_3d":"[1.29433763,2.37071157,1.13262808]","type":"obstacle"},"3":{"unique_id":"318a280f-6f87-4ec7-9387-e07efba41fa8","ros_timestamp":"1695917888.0801415","T_map_cam":"[[0.93937272,0.00000034,-0.34289778,0.17047776],[0.34289778,-0.00000016,0.93937272,-0.46702576],[0.00000027,-1.00000000,-0.00000027,0.99997541],[0.00000000,0.00000000,0.00000000,1.00000000]]","center_3d":"[0.00031695,0.71757627,0.66692537]","nearest_3d":"[-1.34698367,1.68533504,1.11186695]","type":"obstacle"}}