{"0":{"unique_id":"a7a49ecd-e09c-4439-b4c3-0de7364acc21","ros_timestamp":"1695917888.3805223","T_map_cam":"[[0.93589683,0.00000035,-0.35227421,0.17513941],[0.35227421,-0.00000016,0.93589683,-0.46529766],[0.00000027,-1.00000000,-0.00000027,0.99997541],[0.00000000,0.00000000,0.00000000,1.00000000]]","center_3d":"[-1.34553874,1.68992603,1.11193037]","nearest_3d":"[0.00090025,0.71852738,0.66836220]","type":"wall-left"},"1":{"unique_id":"e91ede5e-d3f4-42b9-b72d-e633c169fcaa","ros_timestamp":"1695917888.3805223","T_map_cam":"[[0.93589683,0.00000035,-0.35227421,0.17513941],[0.35227421,-0.00000016,0.93589683,-0.46529766],[0.00000027,-1.00000000,-0.00000027,0.99997541],[0.00000000,0.00000000,0.00000000,1.00000000]]","center_3d":"[1.29433763,2.37071157,1.13262808]","nearest_3d":"[0.76263142,2.93571591,1.20595801]","type":"wall-right"},"2":{"unique_id":"d830d2e3-1e42-4b16-ae66-1e75c781ebf1","ros_timestamp":"1695917888.3805223","T_map_cam":"[[0.93589683,0.00000035,-0.35227421,0.17513941],[0.35227421,-0.00000016,0.93589683,-0.46529766],[0.00000027,-1.00000000,-0.00000027,0.99997541],[0.00000000,0.00000000,0.00000000,1.00000000]]","center_3d":"[0.76263142,2.93571591,1.20595801]","nearest_3d":"[1.29433763,2.37071157,1.13262808]","type":"obstacle"},"3":{"unique_id":"318a280f-6f87-4ec7-9387-e07efba41fa8","ros_timestamp":"1695917888.3805223","T_map_cam":"[[0.93589683,0.00000035,-0.35227421,0.17513941],[0.35227421,-0.00000016,0.93589683,-0.46529766],[0.00000027,-1.00000000,-0.00000027,0.99997541],[0.00000000,0.00000000,0.00000000,1.00000000]]","center_3d":"[0.00090025,0.71852738,0.66836220]","nearest_3d":"[-1.34553874,1.68992603,1.11193037]","type":"obstacle"}}