{"0":{"unique_id":"a7a49ecd-e09c-4439-b4c3-0de7364acc21","ros_timestamp":"1695917888.6106637","T_map_cam":"[[0.93232736,0.00000035,-0.36161540,0.17978356],[0.36161540,-0.00000015,0.93232736,-0.46352303],[0.00000027,-1.00000000,-0.00000027,0.99997541],[0.00000000,0.00000000,0.00000000,1.00000000]]","center_3d":"[-1.34628248,1.64315557,1.10640287]","nearest_3d":"[-0.00044313,0.71858513,0.66678655]","type":"wall-left"},"1":{"unique_id":"e91ede5e-d3f4-42b9-b72d-e633c169fcaa","ros_timestamp":"1695917888.6106637","T_map_cam":"[[0.93232736,0.00000035,-0.36161540,0.17978356],[0.36161540,-0.00000015,0.93232736,-0.46352303],[0.00000027,-1.00000000,-0.00000027,0.99997541],[0.00000000,0.00000000,0.00000000,1.00000000]]","center_3d":"[1.29448712,2.37012458,1.16701710]","nearest_3d":"[0.74246442,2.93572211,1.16902876]","type":"wall-right"},"2":{"unique_id":"d830d2e3-1e42-4b16-ae66-1e75c781ebf1","ros_timestamp":"1695917888.6106637","T_map_cam":"[[0.93232736,0.00000035,-0.36161540,0.17978356],[0.36161540,-0.00000015,0.93232736,-0.46352303],[0.00000027,-1.00000000,-0.00000027,0.99997541],[0.00000000,0.00000000,0.00000000,1.00000000]]","center_3d":"[0.74246442,2.93572211,1.16902876]","nearest_3d":"[1.29448712,2.37012458,1.16701710]","type":"obstacle"},"3":{"unique_id":"318a280f-6f87-4ec7-9387-e07efba41fa8","ros_timestamp":"1695917888.6106637","T_map_cam":"[[0.93232736,0.00000035,-0.36161540,0.17978356],[0.36161540,-0.00000015,0.93232736,-0.46352303],[0.00000027,-1.00000000,-0.00000027,0.99997541],[0.00000000,0.00000000,0.00000000,1.00000000]]","center_3d":"[-0.00044313,0.71858513,0.66678655]","nearest_3d":"[-1.34628248,1.64315557,1.10640287]","type":"obstacle"}}