{"0":{"unique_id":"a7a49ecd-e09c-4439-b4c3-0de7364acc21","ros_timestamp":"1695917888.9097025","T_map_cam":"[[0.92866465,0.00000035,-0.37092044,0.18440972],[0.37092044,-0.00000015,0.92866465,-0.46170205],[0.00000027,-1.00000000,-0.00000027,0.99997541],[0.00000000,0.00000000,0.00000000,1.00000000]]","center_3d":"[-1.34724724,1.64417100,1.10647535]","nearest_3d":"[-0.00021944,0.71894610,0.66895163]","type":"wall-left"},"1":{"unique_id":"e91ede5e-d3f4-42b9-b72d-e633c169fcaa","ros_timestamp":"1695917888.9097025","T_map_cam":"[[0.92866465,0.00000035,-0.37092044,0.18440972],[0.37092044,-0.00000015,0.92866465,-0.46170205],[0.00000027,-1.00000000,-0.00000027,0.99997541],[0.00000000,0.00000000,0.00000000,1.00000000]]","center_3d":"[1.29448712,2.37012458,1.16701710]","nearest_3d":"[0.72741872,2.93627262,1.16571593]","type":"wall-right"},"2":{"unique_id":"d830d2e3-1e42-4b16-ae66-1e75c781ebf1","ros_timestamp":"1695917888.9097025","T_map_cam":"[[0.92866465,0.00000035,-0.37092044,0.18440972],[0.37092044,-0.00000015,0.92866465,-0.46170205],[0.00000027,-1.00000000,-0.00000027,0.99997541],[0.00000000,0.00000000,0.00000000,1.00000000]]","center_3d":"[0.72741872,2.93627262,1.16571593]","nearest_3d":"[1.29448712,2.37012458,1.16701710]","type":"obstacle"},"3":{"unique_id":"318a280f-6f87-4ec7-9387-e07efba41fa8","ros_timestamp":"1695917888.9097025","T_map_cam":"[[0.92866465,0.00000035,-0.37092044,0.18440972],[0.37092044,-0.00000015,0.92866465,-0.46170205],[0.00000027,-1.00000000,-0.00000027,0.99997541],[0.00000000,0.00000000,0.00000000,1.00000000]]","center_3d":"[-0.00021944,0.71894610,0.66895163]","nearest_3d":"[-1.34724724,1.64417100,1.10647535]","type":"obstacle"}}