{"0":{"unique_id":"a7a49ecd-e09c-4439-b4c3-0de7364acc21","ros_timestamp":"1695917889.1905982","T_map_cam":"[[0.92490907,0.00000035,-0.38018839,0.18901744],[0.38018839,-0.00000015,0.92490907,-0.45983490],[0.00000027,-1.00000000,-0.00000027,0.99997541],[0.00000000,0.00000000,0.00000000,1.00000000]]","center_3d":"[-1.34508574,1.64150703,1.10926878]","nearest_3d":"[-0.00038326,0.71857929,0.66814846]","type":"wall-left"},"1":{"unique_id":"e91ede5e-d3f4-42b9-b72d-e633c169fcaa","ros_timestamp":"1695917889.1905982","T_map_cam":"[[0.92490907,0.00000035,-0.38018839,0.18901744],[0.38018839,-0.00000015,0.92490907,-0.45983490],[0.00000027,-1.00000000,-0.00000027,0.99997541],[0.00000000,0.00000000,0.00000000,1.00000000]]","center_3d":"[1.29448712,2.37012458,1.16701710]","nearest_3d":"[0.72344506,2.93522429,1.16786194]","type":"wall-right"},"2":{"unique_id":"d830d2e3-1e42-4b16-ae66-1e75c781ebf1","ros_timestamp":"1695917889.1905982","T_map_cam":"[[0.92490907,0.00000035,-0.38018839,0.18901744],[0.38018839,-0.00000015,0.92490907,-0.45983490],[0.00000027,-1.00000000,-0.00000027,0.99997541],[0.00000000,0.00000000,0.00000000,1.00000000]]","center_3d":"[0.72344506,2.93522429,1.16786194]","nearest_3d":"[1.29448712,2.37012458,1.16701710]","type":"obstacle"},"3":{"unique_id":"318a280f-6f87-4ec7-9387-e07efba41fa8","ros_timestamp":"1695917889.1905982","T_map_cam":"[[0.92490907,0.00000035,-0.38018839,0.18901744],[0.38018839,-0.00000015,0.92490907,-0.45983490],[0.00000027,-1.00000000,-0.00000027,0.99997541],[0.00000000,0.00000000,0.00000000,1.00000000]]","center_3d":"[-0.00038326,0.71857929,0.66814846]","nearest_3d":"[-1.34508574,1.64150703,1.10926878]","type":"obstacle"}}