{"0":{"unique_id":"a7a49ecd-e09c-4439-b4c3-0de7364acc21","ros_timestamp":"1695917973.0782979","T_map_cam":"[[-0.72593232,-0.00000038,0.68776614,-0.34193516],[-0.68776614,0.00000001,-0.72593232,0.36091007],[0.00000027,-1.00000000,-0.00000027,0.99997541],[0.00000000,0.00000000,0.00000000,1.00000000]]","center_3d":"[-1.31952059,-0.53801036,1.07341123]","nearest_3d":"[-0.01139078,0.73672003,0.67360735]","type":"wall-left"},"1":{"unique_id":"e91ede5e-d3f4-42b9-b72d-e633c169fcaa","ros_timestamp":"1695917973.0782979","T_map_cam":"[[-0.72593232,-0.00000038,0.68776614,-0.34193516],[-0.68776614,0.00000001,-0.72593232,0.36091007],[0.00000027,-1.00000000,-0.00000027,0.99997541],[0.00000000,0.00000000,0.00000000,1.00000000]]","center_3d":"[1.32352388,0.10632108,1.13656819]","nearest_3d":"[-0.01139078,0.73672003,0.67360735]","type":"wall-right"},"2":{"unique_id":"a506ee67-e442-415f-963e-89d309080b44","ros_timestamp":"1695917973.0782979","T_map_cam":"[[-0.72593232,-0.00000038,0.68776614,-0.34193516],[-0.68776614,0.00000001,-0.72593232,0.36091007],[0.00000027,-1.00000000,-0.00000027,0.99997541],[0.00000000,0.00000000,0.00000000,1.00000000]]","center_3d":"[-0.03940178,2.92728591,1.26283419]","nearest_3d":"[-0.01139078,0.73672003,0.67360735]","type":"wall-front"},"3":{"unique_id":"e4e770ed-53e8-486f-a1c3-655d2d6e1c87","ros_timestamp":"1695917973.0782979","T_map_cam":"[[-0.72593232,-0.00000038,0.68776614,-0.34193516],[-0.68776614,0.00000001,-0.72593232,0.36091007],[0.00000027,-1.00000000,-0.00000027,0.99997541],[0.00000000,0.00000000,0.00000000,1.00000000]]","center_3d":"[-0.01033174,-2.92745709,1.24081647]","nearest_3d":"[0.30051678,-1.61774826,0.52990240]","type":"wall-back"},"4":{"unique_id":"d830d2e3-1e42-4b16-ae66-1e75c781ebf1","ros_timestamp":"1695917973.0782979","T_map_cam":"[[-0.72593232,-0.00000038,0.68776614,-0.34193516],[-0.68776614,0.00000001,-0.72593232,0.36091007],[0.00000027,-1.00000000,-0.00000027,0.99997541],[0.00000000,0.00000000,0.00000000,1.00000000]]","center_3d":"[0.43510744,-1.64986718,0.49440041]","nearest_3d":"[0.30051678,-1.61774826,0.52990240]","type":"obstacle"},"5":{"unique_id":"318a280f-6f87-4ec7-9387-e07efba41fa8","ros_timestamp":"1695917973.0782979","T_map_cam":"[[-0.72593232,-0.00000038,0.68776614,-0.34193516],[-0.68776614,0.00000001,-0.72593232,0.36091007],[0.00000027,-1.00000000,-0.00000027,0.99997541],[0.00000000,0.00000000,0.00000000,1.00000000]]","center_3d":"[-0.01139078,0.73672003,0.67360735]","nearest_3d":"[1.32352388,0.10632108,1.13656819]","type":"obstacle"},"6":{"unique_id":"7f227009-9a21-46a9-aebf-0fbf3112f3d1","ros_timestamp":"1695917973.0782979","T_map_cam":"[[-0.72593232,-0.00000038,0.68776614,-0.34193516],[-0.68776614,0.00000001,-0.72593232,0.36091007],[0.00000027,-1.00000000,-0.00000027,0.99997541],[0.00000000,0.00000000,0.00000000,1.00000000]]","center_3d":"[0.30051678,-1.61774826,0.52990240]","nearest_3d":"[0.43510744,-1.64986718,0.49440041]","type":"obstacle"}}