{"0":{"unique_id":"a7a49ecd-e09c-4439-b4c3-0de7364acc21","ros_timestamp":"1695917889.2965648","T_map_cam":"[[0.92106101,0.00000035,-0.38941831,0.19360627],[0.38941831,-0.00000014,0.92106101,-0.45792176],[0.00000027,-1.00000000,-0.00000027,0.99997541],[0.00000000,0.00000000,0.00000000,1.00000000]]","center_3d":"[-1.35020709,1.63760042,1.10929227]","nearest_3d":"[0.00477661,0.71983379,0.66979921]","type":"wall-left"},"1":{"unique_id":"e91ede5e-d3f4-42b9-b72d-e633c169fcaa","ros_timestamp":"1695917889.2965648","T_map_cam":"[[0.92106101,0.00000035,-0.38941831,0.19360627],[0.38941831,-0.00000014,0.92106101,-0.45792176],[0.00000027,-1.00000000,-0.00000027,0.99997541],[0.00000000,0.00000000,0.00000000,1.00000000]]","center_3d":"[1.29448712,2.37012458,1.16701710]","nearest_3d":"[0.67843074,2.93601227,1.15801930]","type":"wall-right"},"2":{"unique_id":"d830d2e3-1e42-4b16-ae66-1e75c781ebf1","ros_timestamp":"1695917889.2965648","T_map_cam":"[[0.92106101,0.00000035,-0.38941831,0.19360627],[0.38941831,-0.00000014,0.92106101,-0.45792176],[0.00000027,-1.00000000,-0.00000027,0.99997541],[0.00000000,0.00000000,0.00000000,1.00000000]]","center_3d":"[0.67843074,2.93601227,1.15801930]","nearest_3d":"[1.29448712,2.37012458,1.16701710]","type":"obstacle"},"3":{"unique_id":"318a280f-6f87-4ec7-9387-e07efba41fa8","ros_timestamp":"1695917889.2965648","T_map_cam":"[[0.92106101,0.00000035,-0.38941831,0.19360627],[0.38941831,-0.00000014,0.92106101,-0.45792176],[0.00000027,-1.00000000,-0.00000027,0.99997541],[0.00000000,0.00000000,0.00000000,1.00000000]]","center_3d":"[0.00477661,0.71983379,0.66979921]","nearest_3d":"[-1.35020709,1.63760042,1.10929227]","type":"obstacle"}}