{"0":{"unique_id":"a7a49ecd-e09c-4439-b4c3-0de7364acc21","ros_timestamp":"1695917889.7984664","T_map_cam":"[[0.91712083,0.00000035,-0.39860930,0.19817573],[0.39860930,-0.00000014,0.91712083,-0.45596284],[0.00000027,-1.00000000,-0.00000027,0.99997541],[0.00000000,0.00000000,0.00000000,1.00000000]]","center_3d":"[-1.35008883,1.63641632,1.11178339]","nearest_3d":"[0.00622919,0.71854347,0.66961825]","type":"wall-left"},"1":{"unique_id":"e91ede5e-d3f4-42b9-b72d-e633c169fcaa","ros_timestamp":"1695917889.7984664","T_map_cam":"[[0.91712083,0.00000035,-0.39860930,0.19817573],[0.39860930,-0.00000014,0.91712083,-0.45596284],[0.00000027,-1.00000000,-0.00000027,0.99997541],[0.00000000,0.00000000,0.00000000,1.00000000]]","center_3d":"[1.29448712,2.37012458,1.16701710]","nearest_3d":"[0.66083843,2.93507099,1.15393639]","type":"wall-right"},"2":{"unique_id":"d830d2e3-1e42-4b16-ae66-1e75c781ebf1","ros_timestamp":"1695917889.7984664","T_map_cam":"[[0.91712083,0.00000035,-0.39860930,0.19817573],[0.39860930,-0.00000014,0.91712083,-0.45596284],[0.00000027,-1.00000000,-0.00000027,0.99997541],[0.00000000,0.00000000,0.00000000,1.00000000]]","center_3d":"[0.66083843,2.93507099,1.15393639]","nearest_3d":"[1.29448712,2.37012458,1.16701710]","type":"obstacle"},"3":{"unique_id":"318a280f-6f87-4ec7-9387-e07efba41fa8","ros_timestamp":"1695917889.7984664","T_map_cam":"[[0.91712083,0.00000035,-0.39860930,0.19817573],[0.39860930,-0.00000014,0.91712083,-0.45596284],[0.00000027,-1.00000000,-0.00000027,0.99997541],[0.00000000,0.00000000,0.00000000,1.00000000]]","center_3d":"[0.00622919,0.71854347,0.66961825]","nearest_3d":"[-1.35008883,1.63641632,1.11178339]","type":"obstacle"}}