{"0":{"unique_id":"a7a49ecd-e09c-4439-b4c3-0de7364acc21","ros_timestamp":"1695917880.9100492","T_map_cam":"[[0.99755100,0.00000029,-0.06994282,0.03477337],[0.06994282,-0.00000025,0.99755100,-0.49595014],[0.00000027,-1.00000000,-0.00000027,0.99997541],[0.00000000,0.00000000,0.00000000,1.00000000]]","center_3d":"[-1.34968734,2.07503581,1.13493717]","nearest_3d":"[-0.01654192,0.71990055,0.66545027]","type":"wall-left"},"1":{"unique_id":"e91ede5e-d3f4-42b9-b72d-e633c169fcaa","ros_timestamp":"1695917880.9100492","T_map_cam":"[[0.99755100,0.00000029,-0.06994282,0.03477337],[0.06994282,-0.00000025,0.99755100,-0.49595014],[0.00000027,-1.00000000,-0.00000027,0.99997541],[0.00000000,0.00000000,0.00000000,1.00000000]]","center_3d":"[1.29565036,2.24812722,1.11343825]","nearest_3d":"[-0.01654192,0.71990055,0.66545027]","type":"wall-right"},"2":{"unique_id":"d830d2e3-1e42-4b16-ae66-1e75c781ebf1","ros_timestamp":"1695917880.9100492","T_map_cam":"[[0.99755100,0.00000029,-0.06994282,0.03477337],[0.06994282,-0.00000025,0.99755100,-0.49595014],[0.00000027,-1.00000000,-0.00000027,0.99997541],[0.00000000,0.00000000,0.00000000,1.00000000]]","center_3d":"[-0.01654192,0.71990055,0.66545027]","nearest_3d":"[-1.34968734,2.07503581,1.13493717]","type":"obstacle"}}